200 2000 100

100

105 81 10 1
50 146 24 0
163 187 11 2
111 194 20 2
5 175 14 2
136 140 0 4
7 105 10 3
180 9 7 2
152 31 3 2
23 125 25 3
152 167 6 4
72 155 29 2
39 147 24 1
67 135 8 0
76 188 25 1
40 74 29 3
111 101 4 2
49 177 16 1
111 116 0 3
168 134 23 0
109 116 24 1
31 70 13 0
127 21 1 1
158 25 26 4
150 50 10 0
25 102 13 4
8 194 10 4
39 60 0 2
7 1 11 4
76 130 3 2
0 108 19 3
143 64 1 0
85 24 24 4
77 171 11 0
124 147 25 3
93 37 26 2
37 105 5 2
178 171 15 2
152 136 4 4
4 157 28 3
44 85 29 0
134 193 5 2
89 5 2 1
138 169 15 1
191 21 1 0
185 120 29 2
21 83 8 3
179 113 18 3
11 186 29 0
93 80 21 2
152 58 28 2
14 127 22 1
6 61 12 0
169 75 20 4
160 43 8 1
174 172 16 0
147 31 27 0
8 144 29 4
106 40 16 4
57 193 29 3
0 153 19 4
42 130 23 3
42 97 19 3
27 182 25 4
162 11 29 4
41 137 14 1
198 143 23 2
171 45 29 2
78 16 13 3
76 158 21 3
18 180 26 1
140 190 0 1
185 136 10 0
15 178 28 1
51 113 23 2
28 100 13 1
25 187 22 3
79 63 11 2
55 14 8 4
184 182 5 4
25 4 28 2
185 125 18 2
11 148 5 4
60 77 20 0
7 91 13 1
123 85 22 4
171 173 2 4
190 12 1 2
72 64 21 3
73 136 7 2
69 66 12 4
35 34 19 0
42 70 28 2
81 71 7 2
165 51 25 4
128 73 22 1
136 52 23 4
134 44 10 2
96 169 25 3
154 97 11 3
192 84 1 3
119 134 26 2
85 62 11 1
29 156 4 3
103 160 13 2
120 144 20 3
118 114 5 3
47 163 11 1
139 55 17 2
142 27 22 0
194 6 5 0
157 63 0 3
15 195 17 4
151 110 8 0
70 180 9 2
12 96 29 2
81 149 3 0
119 68 27 3
6 37 2 0
144 160 7 4
159 22 27 3
75 44 13 4
176 97 6 4
47 0 4 4
28 56 0 1
49 50 25 3
48 161 11 4
118 17 13 4
103 122 7 2
44 123 28 1
36 79 2 3
178 147 6 1
75 118 3 3
163 132 7 4
1 140 5 3
175 40 4 1
198 196 20 0
106 59 11 2
2 199 24 2
36 144 7 1
198 63 24 3
95 11 18 1
119 84 23 1
108 142 17 0
182 103 8 3
78 68 29 1
11 177 4 2
44 105 8 3
189 109 3 0
76 87 22 2
147 26 8 4
43 66 24 1
102 82 1 0
102 166 27 0
109 125 10 4
164 76 4 0
24 55 1 1
33 32 1 0
109 53 16 1
5 198 22 4
158 60 29 4
59 176 26 4
97 3 23 1
19 41 5 1
191 124 18 3
96 182 4 1
78 71 4 4
19 56 21 0
166 22 9 3
30 156 17 3
87 26 16 0
65 58 19 0
98 189 9 1
160 17 7 3
108 70 20 3
107 97 7 3
87 0 1 0
21 32 7 0
112 131 8 3
94 182 7 2
97 178 13 2
17 112 27 2
40 131 9 1
159 113 25 4
135 82 0 4
10 36 25 3
82 6 24 0
58 108 15 0
61 107 7 0
91 85 27 1
91 150 27 4
93 0 10 4
103 44 14 2
3 2 19 4
159 27 18 4
13 165 2 1
140 175 8 0
143 22 2 1
132 47 17 2
199 21 0 4
104 109 14 4
178 33 16 1
86 186 13 0
143 121 0 1
103 104 26 3
27 76 27 1
178 157 14 4
60 81 11 4
96 95 9 0
70 136 10 4
22 66 24 4
1 80 23 1
135 132 8 0
32 6 15 4
167 42 8 4
195 117 24 1
152 0 8 2
87 120 16 2
9 100 7 4
137 113 5 3
34 20 24 0
46 142 5 2
178 76 10 4
54 103 3 1
33 144 14 0
164 33 28 4
38 145 10 4
0 166 26 4
50 15 18 1
190 146 1 1
42 92 10 2
20 151 11 0
10 33 20 4
7 123 8 3
45 70 24 4
7 149 7 1
45 183 11 0
150 187 18 0
9 138 29 0
173 143 27 2
138 162 15 2
15 77 16 1
22 6 8 4
36 79 29 3
133 10 10 4
176 137 8 2
174 85 13 1
161 93 2 1
187 74 17 3
124 16 17 3
105 32 0 3
137 76 22 2
177 2 6 2
18 68 19 3
81 191 11 4
96 27 29 4
180 138 27 1
199 69 27 3
46 147 24 1
53 59 5 0
153 85 6 3
62 124 24 1
58 30 8 2
122 63 29 0
181 2 12 0
174 194 8 3
13 104 1 4
95 158 28 3
21 35 18 1
19 152 4 1
82 67 1 1
152 97 13 3
78 42 27 4
178 23 4 0
158 143 1 1
41 131 9 2
157 22 16 3
104 169 23 1
143 150 5 1
160 27 1 1
103 81 17 3
75 126 26 2
81 24 11 1
66 43 4 4
185 61 27 2
31 95 1 3
50 182 12 3
155 84 24 4
72 65 29 2
162 141 7 1
31 90 4 3
178 198 19 2
113 191 25 4
79 154 5 1
59 53 5 4
146 139 15 1
49 24 24 0
133 142 4 2
70 111 21 0
49 164 17 2
61 69 21 2
56 2 15 0
43 137 14 3
35 129 5 4
114 143 28 2
13 7 10 3
79 101 5 3
87 116 26 1
69 175 20 2
74 38 14 3
120 195 25 4
32 166 17 3
163 94 22 3
131 49 9 1
155 101 6 0
196 167 6 2
89 37 3 0
141 159 21 4
132 11 21 1
39 194 8 0
108 100 12 0
110 51 13 4
40 135 19 4
112 61 21 3
26 174 29 1
65 101 27 1
125 153 27 2
26 60 23 3
110 139 25 1
173 103 25 0
96 115 18 3
139 150 28 3
30 123 20 3
119 136 29 0
173 174 27 0
96 53 14 4
175 41 15 2
178 27 21 2
66 104 8 2
45 154 24 1
134 109 11 3
141 40 4 0
155 46 29 1
17 126 10 2
33 55 23 2
180 48 16 0
5 55 17 4
199 129 20 1
155 106 0 4
36 156 9 2
7 69 12 0
20 36 7 1
186 85 4 2
131 198 25 3
123 104 18 3
63 34 13 3
91 178 17 2
109 134 0 3
72 186 15 0
139 146 14 0
28 123 16 4
119 109 27 3
107 75 10 1
38 166 23 1
24 175 5 4
126 156 10 4
120 165 10 2
173 119 21 2
61 40 4 1
128 116 7 4
197 144 13 1
157 158 0 0
49 199 19 0
193 111 18 2
126 93 12 4
18 90 13 2
7 37 20 4
110 61 12 2
113 110 2 3
146 111 19 4
46 108 2 0
172 55 29 4
154 44 1 1
2 196 11 0
137 195 19 4
81 182 27 3
191 55 5 4
135 132 8 0
6 108 1 3
65 83 0 0
180 176 3 1
190 77 23 1
35 48 15 3
57 160 18 0
15 81 29 4
187 195 12 0
75 63 14 0
70 93 10 1
165 138 12 1
172 77 10 1
101 52 7 0
118 43 14 1
121 13 28 0
126 45 4 3
12 55 11 3
85 115 2 3
83 194 15 1
109 76 18 0
87 17 26 4
145 182 28 0
126 91 15 3
111 98 7 2
57 51 7 3
5 54 19 0
191 96 0 4
193 89 24 3
57 69 4 4
184 67 13 4
92 146 27 3
136 170 18 2
66 74 26 0
158 150 26 4
97 51 8 2
49 38 0 4
27 57 16 2
44 120 28 3
36 92 11 1
88 85 23 4
47 197 29 1
40 178 15 4
122 116 13 3
131 9 5 1
125 149 2 4
38 70 20 0
55 199 4 3
191 98 3 0
121 148 25 1
75 52 25 0
104 172 2 0
97 131 20 0
199 33 17 4
140 181 10 4
91 188 21 2
101 171 4 2
22 143 15 1
23 186 11 1
197 49 10 3
65 131 20 2
178 149 1 1
160 20 14 0
42 35 3 4
2 134 17 4
71 181 0 1
76 165 6 2
135 131 10 3
157 75 18 1
68 24 23 4
137 157 21 3
50 99 10 4
151 20 14 0
5 183 20 0
122 13 3 3
104 92 15 1
92 65 28 0
166 140 2 0
142 166 11 0
141 30 19 1
194 100 22 1
70 22 22 1
18 122 27 4
71 154 28 0
86 38 1 3
145 95 29 4
185 56 6 2
90 194 17 2
20 80 6 2
4 192 16 1
50 83 27 2
51 94 10 4
122 138 28 1
195 177 25 4
65 75 21 4
153 112 27 1
141 70 18 4
117 5 5 2
107 97 15 0
142 144 19 0
186 141 22 3
158 92 13 2
22 71 27 2
170 192 6 3
110 16 29 0
43 63 29 0
174 165 20 2
127 88 28 3
157 95 29 0
153 199 4 3
56 195 10 2
196 194 7 2
5 68 15 1
60 116 29 1
1 156 3 4
198 62 21 2
115 183 11 2
19 177 24 2
167 41 22 2
1 165 3 4
140 42 11 3
66 6 2 1
174 145 17 3
3 89 20 0
172 126 4 1
142 27 14 1
123 63 22 3
72 171 26 3
26 196 23 2
68 123 18 3
108 11 15 2
134 114 28 0
9 116 14 0
57 165 1 4
124 126 2 3
178 98 17 2
142 56 2 2
162 179 12 2
50 97 6 4
103 97 10 0
168 113 6 2
84 167 2 1
99 126 17 2
101 19 24 1
130 16 23 2
156 40 2 4
50 156 11 0
167 22 14 1
90 45 16 2
119 120 0 0
78 166 7 0
42 93 21 3
101 106 15 2
106 193 1 1
19 140 9 4
132 193 10 0
87 79 7 1
114 106 12 4
190 152 24 4
49 66 1 3
127 63 23 4
188 5 13 1
101 105 7 3
191 129 13 4
64 153 23 4
133 155 21 1
164 122 6 1
187 104 15 4
184 22 15 0
90 37 3 3
176 11 7 0
81 176 15 4
195 105 16 3
88 84 1 1
126 157 17 3
102 193 5 3
176 161 28 1
84 1 14 3
52 153 8 4
56 60 15 0
18 176 27 4
43 133 1 3
38 1 8 3
124 3 19 0
175 54 22 3
123 25 5 1
105 165 21 1
54 62 22 0
171 13 3 0
111 189 25 0
186 173 4 4
163 158 24 4
85 182 22 3
109 28 27 1
175 181 7 1
25 117 27 2
24 98 8 0
114 166 20 0
132 27 24 1
13 172 18 3
74 97 18 3
27 147 10 2
70 105 1 2
107 83 9 0
112 117 16 3
165 94 6 0
131 153 12 0
48 107 26 1
46 119 11 0
46 39 3 2
62 115 25 0
147 30 13 3
171 23 6 1
57 54 2 3
102 176 15 1
62 117 1 3
34 135 0 2
12 46 20 4
88 154 29 4
80 88 4 3
64 176 4 4
92 118 15 3
135 160 10 3
94 104 22 3
4 75 25 0
127 32 22 1
186 69 16 3
52 103 20 3
161 136 17 4
32 142 21 2
117 73 28 3
0 125 28 4
21 65 9 2
69 15 15 0
158 13 26 0
62 75 24 0
157 135 6 0
12 69 25 3
64 115 2 2
52 123 0 2
182 74 0 0
136 129 20 0
170 106 16 2
22 126 11 1
52 172 8 0
87 60 19 2
128 125 2 2
170 196 13 3
86 102 5 1
39 64 14 0
192 172 13 1
60 94 28 3
6 152 22 2
27 100 10 2
93 80 19 0
58 94 26 3
124 188 20 2
106 194 19 4
22 138 26 4
152 141 2 3
148 115 3 4
151 123 20 1
8 92 11 4
132 18 25 1
194 142 14 2
113 183 4 3
126 134 0 4
194 145 2 4
172 5 18 4
59 17 18 1
151 41 25 4
128 129 5 4
23 74 6 2
20 113 5 2
199 94 28 1
27 139 25 2
103 70 23 0
135 160 27 1
139 46 19 0
62 96 28 0
66 33 19 1
67 151 9 3
73 187 10 1
73 74 12 0
101 189 9 3
11 110 17 0
148 197 0 2
167 154 18 4
85 171 12 2
78 152 16 2
108 53 1 2
141 24 13 1
23 19 1 1
135 116 2 1
59 116 11 2
89 181 18 2
135 176 22 1
157 125 3 3
31 67 29 0
152 115 29 0
59 81 20 2
3 114 15 0
46 132 0 2
158 114 21 2
104 103 26 0
128 198 9 1
5 111 23 0
176 124 20 0
163 132 25 4
96 192 2 4
55 141 23 1
20 9 5 1
16 81 16 4
159 83 11 1
51 63 5 4
135 83 20 1
189 39 29 3
140 22 26 0
125 79 1 3
37 106 7 1
191 175 5 1
139 83 12 2
130 12 0 2
163 144 2 2
27 97 21 0
80 131 4 3
95 81 28 4
183 101 19 1
14 183 2 3
98 183 28 4
130 46 23 3
46 178 9 2
92 41 9 0
109 1 29 3
7 20 1 2
188 73 21 4
3 9 20 1
157 192 22 1
107 189 26 0
151 43 15 3
104 112 26 1
1 166 26 1
100 8 23 0
123 160 12 3
175 95 16 0
149 68 4 1
118 168 8 4
125 81 17 4
110 182 4 2
14 42 6 2
142 157 29 4
147 144 25 2
83 47 11 4
152 59 21 2
145 185 3 4
34 125 19 2
96 131 16 1
186 7 8 3
37 83 10 0
198 169 29 0
37 114 16 0
168 31 1 4
77 70 28 2
93 159 20 2
109 38 18 3
7 52 5 1
121 106 7 2
99 29 21 2
54 176 29 2
140 102 13 0
99 128 5 2
30 150 26 1
29 89 29 3
148 88 7 0
162 113 25 1
186 171 23 0
15 89 23 1
132 114 16 2
25 134 17 0
157 92 26 0
168 170 28 0
160 148 9 0
24 65 9 0
179 58 7 2
31 5 21 1
151 57 20 3
9 66 25 3
2 191 27 3
7 138 21 0
181 120 22 1
75 90 11 0
46 179 14 2
77 51 10 0
63 75 20 3
162 170 22 0
173 80 12 4
152 121 23 1
194 140 19 1
11 20 18 3
172 174 24 3
67 188 13 0
139 138 12 1
100 96 7 3
30 39 18 2
148 15 18 4
199 167 19 2
96 23 17 0
123 35 16 4
8 80 19 1
171 61 1 1
134 162 28 4
14 171 29 2
3 51 1 4
12 147 25 1
27 170 3 0
180 105 9 3
76 31 29 0
199 115 13 3
10 192 14 4
147 134 14 1
94 102 16 1
97 110 20 3
162 102 23 4
8 154 28 3
175 177 24 4
47 93 29 1
7 148 13 3
134 166 17 1
123 104 4 1
102 41 15 1
199 163 28 0
21 132 10 0
113 126 5 4
52 139 2 0
133 189 10 2
32 132 10 3
164 169 4 2
156 12 8 1
160 169 27 1
180 176 3 4
194 21 16 2
132 117 3 4
196 82 1 2
7 80 12 4
55 9 10 0
1 78 24 1
39 136 26 4
30 46 18 3
122 143 26 1
160 10 23 3
173 196 29 4
149 10 20 1
198 104 6 1
166 185 25 0
58 183 10 0
98 86 29 3
33 76 4 4
185 123 14 3
102 35 9 1
57 178 23 3
64 173 5 4
28 163 1 0
107 135 29 2
159 160 19 4
95 172 19 4
141 81 19 0
88 142 23 0
146 23 2 0
85 105 21 3
177 61 17 1
9 153 12 3
39 18 0 2
77 190 10 0
46 58 28 0
3 95 22 4
186 42 17 2
29 92 21 0
55 151 4 3
116 131 25 1
145 167 13 4
177 188 8 3
130 150 10 3
152 108 6 3
56 179 16 0
127 94 12 0
84 121 6 1
116 101 2 0
197 30 27 0
93 28 28 0
107 143 17 0
101 198 26 3
20 170 2 0
45 174 7 2
2 146 28 1
193 169 23 3
3 15 1 2
23 111 28 1
7 3 16 2
20 21 0 0
158 102 21 0
14 70 21 0
32 91 16 2
131 5 19 4
115 121 2 2
65 5 21 0
176 156 22 1
75 1 7 2
30 113 14 4
195 116 23 2
174 173 1 2
114 18 2 4
37 30 28 3
145 149 25 0
173 176 5 0
68 130 12 4
116 65 22 1
18 121 28 3
115 190 27 0
158 88 6 0
153 180 24 2
193 185 20 3
110 23 8 2
94 71 4 4
40 135 25 1
140 93 5 1
89 166 3 3
143 63 25 1
31 124 5 0
0 191 13 1
179 83 23 2
184 193 24 0
178 59 23 1
25 47 24 4
47 111 4 1
150 127 8 3
87 174 6 1
61 16 1 2
20 155 7 2
36 64 18 3
155 21 15 4
162 65 14 1
53 183 8 3
89 135 10 3
154 25 20 4
98 44 0 4
89 94 4 4
145 92 9 1
9 124 17 3
109 1 15 2
123 167 21 1
41 144 10 4
78 159 8 0
70 162 4 4
26 141 29 2
103 85 19 3
29 66 10 1
155 144 29 0
154 63 24 1
15 50 5 3
124 110 23 2
33 196 18 3
87 192 9 0
38 122 8 2
56 53 5 3
157 86 18 0
56 191 1 3
153 117 27 2
37 103 4 1
139 104 6 3
41 127 3 3
142 20 9 4
72 86 28 0
34 123 20 0
158 127 21 2
97 145 18 0
143 42 20 4
44 87 17 2
6 113 14 3
71 195 29 2
15 116 3 0
73 118 16 1
173 62 25 2
54 69 21 2
188 158 11 3
101 41 24 2
119 103 6 3
18 39 19 3
4 49 6 1
28 177 13 1
91 46 22 1
64 99 16 0
131 165 14 1
60 174 16 4
197 106 24 2
69 176 2 2
70 107 5 1
82 2 0 0
153 77 29 1
198 9 0 4
43 197 16 2
138 22 4 3
70 48 10 3
113 166 20 1
31 3 13 3
51 170 23 2
120 75 3 4
26 80 6 0
86 7 10 4
88 96 15 0
124 73 27 3
71 8 3 2
150 65 20 4
118 89 25 3
95 114 5 3
19 127 17 2
163 3 13 3
188 141 8 3
85 151 25 0
61 135 20 1
43 13 15 2
165 142 23 0
133 121 2 2
145 72 22 1
130 113 18 0
120 141 19 1
3 0 21 4
100 187 23 0
70 15 26 0
71 147 6 1
140 39 26 2
172 1 26 3
123 48 20 3
98 16 13 1
173 158 18 2
141 36 27 1
79 94 23 2
85 190 13 4
35 37 4 0
132 107 27 1
30 178 7 4
100 86 12 1
171 119 12 3
31 25 9 3
94 195 17 3
181 128 11 4
186 99 23 4
25 86 14 1
51 85 24 1
4 142 14 1
157 59 20 1
153 4 14 0
27 46 17 3
72 89 25 4
145 97 2 3
116 170 23 1
138 178 7 4
20 49 8 3
106 180 16 4
21 187 19 1
102 31 19 4
166 0 9 2
143 22 14 1
99 127 16 0
156 48 28 1
123 103 1 2
45 33 19 3
146 95 18 3
96 86 23 2
8 199 8 2
167 188 24 1
71 60 12 4
55 177 4 1
89 72 7 2
179 121 11 2
176 184 2 0
127 130 14 2
68 84 23 4
110 57 7 3
129 146 12 1
132 27 2 3
190 196 0 4
197 69 25 3
119 45 25 2
4 109 14 3
187 64 17 1
189 14 26 3
63 193 27 3
68 152 0 0
98 178 19 2
3 157 14 3
119 144 29 1
48 117 22 3
6 115 21 1
164 99 20 0
67 185 22 4
189 22 10 0
53 68 2 0
85 113 19 4
152 143 29 4
161 67 9 0
92 13 14 3
147 199 23 1
99 138 9 4
9 197 29 1
191 8 24 4
11 88 1 1
26 147 4 3
97 63 12 0
84 109 19 0
99 196 2 3
17 171 19 3
54 87 1 3
48 183 23 1
102 155 18 2
45 60 1 3
23 192 2 2
184 189 18 1
130 48 8 2
44 142 21 4
166 59 5 4
160 80 3 0
188 35 29 4
186 90 7 3
154 127 24 4
127 171 24 4
130 76 0 1
100 177 8 1
104 160 7 2
160 157 20 2
23 6 24 1
15 148 2 1
92 165 27 1
145 16 19 0
73 16 1 2
72 173 24 1
140 63 15 3
14 4 24 0
133 196 26 4
37 116 16 2
84 184 21 1
37 52 12 4
17 124 23 3
114 162 21 1
98 192 17 3
156 86 22 0
104 191 3 2
157 112 3 1
194 184 5 1
101 174 23 1
64 7 27 1
113 47 3 3
82 122 25 2
112 3 1 2
63 157 28 3
173 57 14 4
102 55 20 1
137 120 22 1
72 130 27 4
117 133 26 2
179 119 16 2
84 155 15 1
90 120 26 4
55 6 3 3
168 67 29 4
71 24 13 3
176 78 8 4
111 165 15 0
160 165 17 1
30 182 11 2
176 86 11 1
33 57 2 4
104 150 13 0
64 127 15 3
160 81 14 2
77 85 26 1
110 29 13 3
80 91 21 2
67 151 4 4
141 136 23 2
102 46 11 1
12 173 16 0
192 131 22 3
160 109 28 1
94 135 10 0
161 196 19 3
122 165 5 4
74 45 6 3
170 124 26 3
107 9 4 4
24 70 17 1
144 55 18 2
64 91 21 3
129 111 12 0
181 95 15 3
64 54 6 2
68 135 23 2
142 117 0 2
152 24 6 2
6 113 11 4
52 161 1 4
111 21 19 1
68 164 12 3
103 67 7 2
101 185 13 2
171 151 22 1
160 10 20 1
24 5 12 0
171 192 9 2
197 45 12 3
55 45 17 2
55 30 24 2
91 0 22 0
187 0 15 2
8 28 15 2
176 193 28 2
51 121 0 1
42 177 16 4
31 66 25 2
144 53 0 1
176 125 23 4
111 56 28 0
112 166 6 2
68 141 28 1
6 68 12 1
102 175 25 4
98 75 13 3
162 154 23 4
42 24 13 4
30 15 23 2
32 33 2 3
46 83 27 4
162 9 14 0
130 104 9 2
9 71 6 0
69 83 9 1
59 49 17 2
31 108 25 3
113 17 18 2
180 90 16 4
129 72 14 1
12 164 19 4
133 111 28 3
185 129 0 3
177 71 26 0
100 73 26 2
145 107 5 4
112 33 27 4
2 104 13 0
165 59 18 2
20 100 4 4
102 115 16 2
198 116 22 4
188 44 23 3
138 196 0 2
113 25 5 0
84 107 5 2
141 28 13 3
136 132 4 0
173 107 12 4
137 126 7 1
143 166 2 1
82 141 0 1
87 10 13 0
137 135 5 4
125 49 13 3
95 151 23 4
84 167 16 0
58 166 20 3
117 14 26 1
51 13 12 3
2 4 26 2
32 93 0 0
195 32 26 2
163 127 11 0
157 96 19 0
9 20 3 4
190 38 22 1
132 6 11 1
162 62 3 3
57 76 22 0
1 162 6 2
18 42 15 4
6 198 11 1
118 55 23 2
42 188 23 3
196 166 21 4
167 138 18 2
148 166 4 4
21 23 10 1
158 74 16 3
185 81 26 1
65 33 25 1
153 18 10 4
197 158 15 2
17 190 6 4
193 194 8 4
169 70 14 0
190 77 24 0
108 121 5 2
10 160 8 2
67 118 16 4
70 102 26 1
144 115 11 1
160 46 15 0
188 65 21 4
10 131 12 0
57 133 21 2
97 133 15 1
128 80 14 1
167 70 27 1
12 144 16 2
65 29 5 3
21 198 2 1
26 102 6 4
47 198 2 3
182 168 23 4
112 138 10 4
152 85 15 2
86 79 13 1
45 102 17 0
78 38 20 0
62 109 25 3
22 172 26 0
9 0 16 0
164 155 13 1
177 61 23 2
92 158 13 3
10 145 10 2
134 185 16 1
126 55 29 1
61 111 24 2
99 55 15 1
186 2 22 2
170 28 18 2
95 23 17 0
193 189 9 1
61 111 2 2
106 133 5 2
110 39 22 1
90 3 12 3
188 184 16 0
147 171 19 4
152 48 23 0
43 19 3 2
99 87 1 2
106 119 12 0
176 51 25 4
40 77 8 1
40 77 26 4
36 194 9 1
157 18 0 0
86 107 25 0
152 26 25 2
47 13 23 4
4 116 0 3
115 189 3 4
48 161 1 4
150 88 0 0
136 180 14 1
68 13 20 4
92 176 1 1
199 62 7 3
0 34 20 2
69 75 4 1
114 83 24 2
79 63 11 2
144 24 22 0
147 113 14 4
87 153 17 1
179 139 6 4
37 45 0 0
4 191 4 2
8 28 8 3
136 117 11 0
4 172 0 4
101 38 26 2
74 77 22 2
188 69 17 4
187 189 29 3
2 8 5 3
97 21 14 4
146 67 27 3
6 17 23 2
121 173 9 1
83 4 7 4
176 58 16 0
122 177 14 3
198 55 14 4
13 84 8 2
179 81 28 0
37 23 24 1
47 22 4 4
51 93 12 1
73 138 2 0
179 27 1 0
104 180 17 0
92 177 5 3
197 151 20 1
81 22 4 1
134 41 10 2
107 9 20 3
61 159 19 3
92 153 23 2
152 183 9 3
62 166 26 2
167 84 8 1
26 149 16 3
88 110 24 1
17 16 11 4
38 23 4 0
199 44 14 3
54 152 22 0
187 185 10 1
144 146 14 4
88 78 1 3
164 157 29 4
143 18 0 1
179 20 10 2
130 124 18 3
138 190 19 1
131 140 16 4
66 15 15 4
83 151 20 1
162 197 17 3
147 119 21 3
180 92 29 4
55 120 4 3
116 26 3 3
22 101 16 0
52 164 11 0
195 113 9 4
171 135 15 4
191 94 5 4
185 199 22 0
69 162 17 4
180 140 21 1
52 12 13 3
134 112 15 1
137 12 19 0
53 27 0 3
2 56 1 0
17 159 11 1
36 16 5 3
138 132 24 0
117 155 3 0
64 37 6 3
123 199 25 2
129 81 23 4
4 53 24 3
55 107 19 2
187 188 26 1
182 18 22 4
74 144 7 1
106 97 5 3
98 132 12 2
95 128 1 1
189 69 19 3
184 162 2 2
116 179 9 1
185 5 10 2
145 69 13 0
76 77 29 0
7 97 29 3
168 82 23 2
180 192 16 4
45 101 27 2
118 103 12 4
169 87 6 1
156 48 26 1
70 9 18 1
128 159 25 1
74 45 0 2
67 45 12 0
94 84 5 3
153 105 0 1
72 174 8 1
193 10 27 3
1 149 9 0
135 14 27 3
63 74 13 0
138 158 23 0
99 159 19 1
45 199 10 0
12 131 17 0
146 82 23 1
163 169 5 0
170 29 29 0
125 41 25 0
47 193 2 1
180 93 26 3
186 138 23 4
127 141 10 3
133 66 17 2
133 132 21 0
75 142 6 4
174 41 0 4
179 183 11 0
74 39 12 2
33 178 24 0
167 14 19 0
108 192 25 0
72 184 13 0
121 159 4 4
0 92 5 1
118 0 17 3
27 6 8 2
40 143 8 1
134 68 4 4
54 69 12 2
186 123 15 0
179 89 1 2
13 24 11 1
184 115 1 0
177 152 16 3
128 160 22 1
75 184 8 4
155 169 0 1
101 6 27 3
155 12 4 3
68 126 19 1
194 73 13 2
2 157 9 0
154 62 2 4
190 26 12 3
27 140 19 1
87 136 29 4
152 80 22 1
5 38 8 1
58 19 25 2
0 55 19 2
132 18 23 4
23 10 24 2
150 126 28 3
170 75 24 2
170 108 2 1
112 88 17 2
162 103 0 4
186 164 3 0
152 162 15 4
173 40 23 0
172 46 6 1
117 101 22 0
145 122 7 3
93 155 3 0
16 141 0 0
119 126 24 4
92 70 26 2
19 139 26 1
173 21 18 4
183 47 26 0
109 80 7 4
68 41 6 1
102 127 10 2
145 163 26 4
74 152 14 4
118 84 28 1
129 107 5 4
2 97 0 3
63 143 2 3
173 96 27 4
27 115 3 2
191 155 26 1
41 22 3 2
183 3 16 2
120 32 19 0
61 59 26 2
101 143 6 2
56 161 16 2
70 3 24 1
97 136 12 2
176 129 0 0
70 80 16 4
186 92 6 2
24 156 22 1
56 47 0 4
85 195 22 1
73 21 2 0
23 89 27 1
193 161 6 4
155 19 28 2
72 54 0 0
75 134 22 2
88 97 7 4
109 144 3 4
43 170 28 1
41 85 7 1
35 6 6 1
95 171 7 4
48 120 4 0
110 191 9 4
62 131 24 4
158 6 7 4
188 121 15 1
7 117 15 2
14 192 24 3
160 50 5 4
124 128 0 1
177 144 24 4
0 126 6 2
113 135 20 1
148 84 18 3
194 161 4 1
106 78 29 4
71 14 21 4
170 23 18 3
173 97 4 4
32 98 13 0
103 33 27 4
59 33 19 1
120 49 23 2
119 34 10 4
101 80 26 1
124 116 0 0
40 9 15 4
149 31 19 4
71 92 22 0
25 17 11 2
154 164 3 0
61 26 10 0
33 16 19 1
88 57 13 1
107 90 0 0
38 76 27 1
144 26 10 3
150 20 15 0
17 11 15 0
140 159 12 2
2 141 17 4
0 28 15 2
183 2 26 1
125 26 27 0
132 66 2 2
35 162 10 4
139 47 7 0
93 8 21 0
26 64 19 0
27 54 15 2
58 98 0 2
65 105 6 1
26 59 18 0
46 130 25 1
105 14 4 2
126 87 6 4
136 82 20 1
1 159 17 0
110 146 3 4
10 113 15 4
33 46 4 1
152 54 1 0
148 8 6 3
8 74 19 1
148 105 14 3
90 103 20 2
57 170 19 2
48 146 19 3
75 115 23 4
50 28 13 0
179 15 19 3
76 122 19 3
157 133 8 2
190 118 15 4
173 177 23 1
131 108 17 1
191 146 8 3
2 85 19 3
29 1 4 3
96 151 23 3
45 24 20 2
165 3 17 0
81 1 29 0
75 38 27 4
69 66 7 3
42 161 24 4
12 24 28 1
70 185 12 2
107 80 0 3
111 31 9 1
13 120 0 3
64 177 18 3
77 92 4 1
96 127 11 3
119 26 15 2
197 119 11 4
152 31 24 2
124 74 0 0
24 71 10 1
114 5 16 1
167 96 28 1
126 161 15 0
62 167 1 0
108 115 17 3
106 155 12 2
196 76 3 3
148 109 20 1
105 138 6 1
108 198 3 1
59 5 11 0
65 33 3 2
69 107 3 0
146 117 27 2
87 85 20 4
168 12 1 2
85 191 0 0
114 110 2 1
119 108 14 2
136 55 19 4
7 64 4 1
128 36 26 3
158 148 4 3
116 170 12 1
199 190 27 4
18 160 10 1
98 22 13 4
67 24 20 4
18 194 15 1
60 186 6 0
63 187 18 4
40 168 2 2
157 21 18 1
100 27 26 4
20 35 1 0
194 45 29 3
62 137 6 4
63 125 15 1
60 56 15 4
37 6 17 0
105 149 10 1
193 184 5 1
141 2 13 1
173 182 9 1
35 108 8 0
7 166 26 4
3 116 14 3
153 172 26 4
17 102 16 0
39 151 15 2
181 21 13 3
76 115 13 2
25 188 14 0
182 5 28 1
14 94 6 2
181 74 23 1
103 16 0 1
168 136 25 1
28 186 28 4
120 43 28 1
192 129 19 0
186 162 2 3
179 56 2 1
2 103 26 4
2 26 19 0
123 67 5 2
2 66 7 4
7 55 17 0
192 155 16 1
141 172 13 3
52 72 17 0
70 77 4 1
153 141 8 4
95 159 2 4
87 28 23 4
155 24 6 1
82 154 16 2
78 197 20 2
48 111 10 1
130 26 6 3
62 2 24 3
94 46 24 0
67 82 19 4
194 76 24 4
148 157 4 4
13 179 28 1
119 117 19 4
7 71 10 4
0 22 25 3
143 182 4 1
127 2 22 3
110 59 15 3
143 94 0 0
145 47 13 1
81 66 17 1
172 83 18 3
103 20 19 2
114 40 27 0
145 69 21 3
197 71 19 3
188 67 11 0
20 121 8 1
46 174 29 3
112 160 11 2
171 179 6 3
63 147 19 4
139 131 22 0
137 198 7 0
33 45 28 4
69 168 20 4
30 56 6 0
101 76 7 1
108 90 16 0
126 185 11 0
19 108 28 4
57 82 6 1
96 4 6 2
4 182 24 3
113 1 25 0
58 0 7 2
178 10 0 4
23 152 13 1
99 88 15 4
69 113 25 1
159 119 26 2
49 169 19 2
103 65 16 1
183 84 15 1
181 35 26 3
122 169 20 3
90 30 11 3
165 35 1 3
104 39 29 2
85 26 10 0
48 144 18 1
28 32 29 0
149 197 21 3
175 140 12 2
167 95 21 2
120 82 20 1
178 181 6 0
166 137 12 0
20 198 21 3
160 35 4 3
43 32 16 3
46 161 14 3
140 116 22 2
160 173 17 2
61 95 4 3
101 38 17 4
132 162 28 0
30 7 7 1
61 75 22 0
87 8 7 4
152 58 12 3
125 11 5 0
97 6 22 3
114 16 8 3
54 37 1 0
131 178 10 1
28 71 26 0
27 80 8 0
107 196 25 3
37 21 9 3
198 73 10 1
78 48 29 0
196 31 9 4
48 133 25 2
41 28 23 1
112 130 22 2
45 169 4 2
33 115 20 0
140 26 19 0
111 94 7 4
60 120 29 3
173 8 5 4
91 194 16 3
40 30 6 0
38 120 13 0
1 189 11 1
163 95 0 4
87 138 16 2
152 48 26 2
186 130 0 3
169 121 16 4
185 4 3 2
22 130 15 2
77 162 19 4
11 185 12 0
20 148 11 0
6 31 23 0
16 141 29 3
133 160 18 4
77 164 17 4
101 151 17 3
46 4 17 0
156 0 0 3
16 44 15 0
96 188 16 0
101 71 23 2
38 137 28 2
91 173 21 4
44 135 4 4
74 137 12 0
38 148 0 1
90 65 0 1
85 72 12 3
3 137 1 4
139 10 9 0
50 184 6 0
49 137 13 0
179 74 2 4
26 172 8 1
74 76 3 0
109 11 7 3
160 11 16 2
126 44 6 2
164 133 21 3
85 87 23 4
23 174 22 4
158 57 27 3
15 21 10 0
32 197 19 1
198 13 28 0
182 102 20 0
120 44 19 1
49 111 11 0
56 191 11 1
3 51 29 0
179 36 16 0
54 93 19 1
19 54 20 4
27 90 14 0
190 61 27 2
3 42 25 0
141 91 20 2
130 10 9 4
13 41 15 0
103 5 4 2
113 64 28 3
45 78 20 2
94 48 22 3
149 184 26 4
21 132 26 3
106 158 16 4
109 107 16 2
43 131 22 1
15 57 23 3
20 43 15 2
104 20 2 2
78 8 24 2
26 56 20 0
194 55 29 0
179 195 14 4
170 16 29 2
45 170 11 3
0 97 9 2
68 114 24 3
117 124 28 4
131 24 25 2
28 196 1 0
15 153 18 1
108 100 2 2
35 90 21 4
66 88 19 3
90 186 20 3
164 42 26 0
96 51 11 4
39 150 17 4
162 77 25 1
185 199 24 0
137 195 2 3
64 0 25 1
19 12 28 0
74 43 4 4
161 75 29 4
123 53 15 0
74 23 29 4
162 160 21 3
15 43 27 4
107 88 20 0
85 55 7 2
39 47 8 4
150 46 28 3
39 177 12 3
192 94 3 2
125 72 14 3
85 51 23 2
108 177 1 3
137 29 12 4
83 173 13 4
135 77 15 2
85 66 6 4
173 116 25 4
100 55 28 4
43 187 28 4
41 195 22 2
40 4 3 0
62 15 13 0
173 192 29 2
20 31 24 1
151 135 3 2
173 37 18 1
1 171 19 1
52 6 4 0
136 101 10 1
64 163 11 4
30 7 25 1
100 121 28 0
184 48 28 4
2 114 1 3
55 11 12 1
11 10 23 2
123 96 4 0
9 18 18 2
27 121 28 4
86 25 27 2
70 174 17 1
170 182 1 3
150 66 11 1
96 142 26 1
7 148 23 1
49 44 6 4
101 24 15 0
32 92 0 3
163 51 1 1
132 144 18 4

0 108 46
1 191 33
2 178 20
3 49 42
4 118 35
5 184 35
6 104 45
7 135 58
8 66 34
9 27 40
10 195 53
11 85 21
12 62 9
13 173 55
14 170 5
15 167 15
16 107 49
17 43 45
18 97 30
19 15 42
20 63 27
21 144 30
22 191 49
23 97 3
24 155 32
25 178 10
26 95 19
27 197 4
28 150 13
29 5 13
30 3 33
31 40 12
32 169 28
33 183 44
34 20 21
35 67 13
36 130 21
37 26 14
38 92 11
39 146 5
40 153 29
41 29 51
42 21 9
43 150 34
44 125 27
45 155 36
46 79 0
47 148 54
48 136 30
49 19 33
50 53 12
51 12 43
52 126 57
53 199 6
54 56 36
55 171 36
56 155 47
57 173 7
58 123 4
59 33 7
60 34 15
61 65 12
62 78 33
63 76 57
64 95 41
65 0 21
66 131 13
67 187 45
68 141 15
69 174 26
70 164 36
71 179 57
72 40 12
73 145 36
74 187 8
75 126 16
76 141 13
77 180 23
78 16 30
79 127 18
80 149 27
81 110 54
82 54 38
83 183 15
84 110 26
85 104 19
86 62 35
87 75 8
88 138 22
89 18 28
90 163 49
91 196 27
92 22 24
93 190 55
94 5 29
95 134 24
96 20 21
97 44 59
98 23 52
99 113 19
