500 2000 250

3000

474 385 14 286
353 464 12 39
438 300 19 142
243 2 14 36
309 140 29 239
225 416 12 177
334 233 9 121
417 126 5 35
288 98 6 14
188 307 13 127
276 65 1 172
311 296 19 24
117 385 14 81
7 174 19 10
399 237 16 259
486 393 24 161
452 221 15 214
179 90 28 224
168 336 20 80
14 298 15 223
92 225 19 196
493 20 4 61
438 9 18 127
308 103 19 82
475 229 23 274
162 462 17 246
324 437 25 51
218 22 16 60
109 225 1 127
347 227 24 125
217 84 16 85
428 208 22 94
333 80 17 126
325 318 13 5
192 411 1 19
448 393 2 197
246 9 10 98
49 475 28 1
133 320 21 109
46 102 14 158
5 294 13 54
243 123 25 150
226 131 15 165
312 438 11 193
153 493 18 85
2 83 18 287
158 333 9 255
482 20 24 60
477 381 6 190
346 284 17 159
112 224 13 257
305 166 16 104
378 43 0 76
159 243 11 42
464 228 28 32
407 136 22 29
199 406 3 282
180 82 6 77
44 307 1 8
313 152 14 222
279 358 15 179
396 361 21 294
495 437 9 226
114 267 9 54
128 159 18 294
146 204 29 281
412 91 1 148
34 417 6 135
179 156 22 214
441 174 13 3
394 147 27 43
248 100 20 221
456 256 6 106
300 16 2 45
416 473 13 223
57 120 18 131
137 414 25 286
142 369 28 261
347 303 18 101
375 268 23 120
147 301 23 210
281 483 16 247
190 213 15 127
358 62 28 298
218 363 29 113
431 232 14 160
4 140 21 38
343 6 9 270
96 457 10 87
119 483 0 226
369 22 15 70
264 219 23 88
490 63 27 96
395 227 28 188
486 383 7 4
426 227 3 90
9 108 20 59
424 336 26 253
396 440 23 78
225 402 2 253
489 296 7 20
243 459 22 102
452 351 26 233
282 214 9 166
56 199 29 136
465 429 17 102
344 228 3 193
39 404 9 78
486 400 16 183
267 208 23 56
264 49 20 108
120 196 8 145
110 466 2 76
94 131 6 244
129 206 24 70
395 84 21 77
295 203 8 203
415 357 26 171
320 345 24 293
72 5 1 211
350 364 8 117
319 146 25 147
367 449 3 85
333 15 21 199
158 94 8 75
450 235 3 232
453 290 8 168
122 380 12 280
426 410 3 81
231 353 16 47
409 326 15 190
281 140 6 193
360 216 26 10
62 5 9 189
303 32 2 297
106 237 11 96
452 143 20 174
311 308 4 144
344 229 12 89
250 312 8 206
385 470 21 42
253 44 7 28
442 441 22 192
247 98 29 75
318 360 26 215
392 404 12 206
33 37 17 70
142 255 11 213
256 48 8 78
452 99 5 132
214 210 23 277
354 424 5 25
146 148 15 172
156 209 17 197
70 458 24 133
243 136 0 128
199 433 11 78
403 59 18 112
466 258 17 32
159 54 20 126
28 84 22 229
211 234 26 250
251 154 3 262
158 459 24 194
440 366 15 218
238 488 29 186
15 59 5 81
210 462 18 87
98 72 23 186
215 60 29 159
182 378 8 125
146 442 8 18
480 342 5 290
208 53 14 233
413 345 12 64
443 300 5 14
419 3 15 59
246 479 2 121
165 376 28 71
89 170 12 278
19 150 2 234
186 134 24 29
252 141 29 206
413 93 15 184
362 294 25 80
469 385 18 65
242 148 25 62
449 106 7 45
29 102 10 70
128 181 23 254
56 191 4 277
30 41 12 102
232 384 25 261
436 121 20 17
491 22 17 211
348 152 5 59
181 265 21 6
146 351 26 216
120 334 11 198
320 215 8 106
373 238 12 66
283 397 26 203
157 277 27 83
488 84 15 192
456 267 0 126
472 179 10 291
245 399 28 242
468 96 19 270
97 379 8 239
302 298 25 113
59 289 18 289
461 87 2 212
266 494 12 35
422 371 17 287
199 469 25 92
206 71 15 261
183 284 2 241
136 351 2 173
219 423 24 252
213 253 2 192
63 315 13 83
467 239 2 44
254 189 12 15
457 169 20 146
220 256 7 46
283 225 11 238
391 299 10 118
75 277 10 98
231 165 22 172
396 272 3 266
186 458 27 197
426 57 12 231
229 124 17 148
125 227 8 264
336 328 14 110
230 299 22 163
462 265 16 116
153 98 7 94
470 433 6 137
278 312 25 47
0 472 23 285
398 38 8 170
50 447 23 135
483 369 19 256
415 330 27 181
70 20 19 62
124 330 19 83
491 418 29 126
293 371 24 183
228 49 25 210
265 383 14 251
490 369 16 139
219 326 16 81
26 179 23 140
130 120 1 62
165 230 21 200
142 258 8 13
90 221 3 203
252 353 1 61
62 395 7 46
6 317 14 146
327 194 18 162
477 299 19 292
254 49 6 265
313 252 20 26
79 494 24 165
217 364 21 285
365 416 23 171
448 320 17 87
127 254 23 162
121 353 22 264
132 242 8 185
43 34 9 296
144 143 17 280
134 449 19 195
377 39 25 212
113 143 4 200
435 490 4 174
57 359 0 259
493 426 26 20
341 76 17 6
389 390 22 233
448 164 8 139
39 282 27 59
412 153 28 260
415 443 18 228
215 120 29 267
147 52 29 66
180 337 22 124
234 55 14 66
375 320 28 190
71 66 28 210
190 439 13 125
47 25 22 123
293 226 16 129
295 481 13 148
311 337 21 34
22 142 24 196
366 22 1 158
117 457 17 156
295 416 13 206
466 55 10 87
264 25 4 105
488 212 15 256
412 317 27 168
147 57 17 36
111 165 12 112
405 159 28 253
311 453 3 123
161 493 29 148
32 426 11 236
168 422 13 183
9 113 21 206
191 313 7 228
32 366 18 132
50 283 5 193
326 14 12 285
472 209 12 134
272 57 20 40
125 427 0 218
252 12 22 180
55 133 26 17
58 300 27 283
289 350 19 164
431 50 29 210
163 476 3 273
434 373 24 290
4 414 11 283
370 131 16 134
27 347 14 180
353 436 4 107
210 252 11 222
188 305 28 3
46 213 24 21
164 319 27 107
337 248 6 132
290 73 21 165
14 420 27 256
48 462 22 102
21 56 6 87
391 244 5 216
321 206 14 38
347 130 14 25
276 200 22 120
446 235 8 147
10 266 13 20
85 125 21 243
50 202 11 43
377 427 10 186
343 419 0 212
139 299 2 130
324 415 16 62
4 37 16 9
429 169 13 46
334 197 6 189
244 308 4 78
414 401 3 227
285 225 2 299
200 109 19 189
375 177 0 12
405 154 5 292
236 284 10 37
172 208 14 282
405 359 29 9
41 471 12 41
207 136 9 156
121 101 22 50
403 445 28 121
57 54 22 250
87 212 29 165
479 475 25 245
219 21 3 50
303 269 13 142
57 35 16 133
303 107 22 144
41 87 21 1
336 463 10 161
454 425 28 198
139 309 29 86
495 330 21 219
213 378 14 228
98 251 26 83
347 214 3 153
5 76 2 4
390 394 29 244
428 70 2 140
235 112 29 57
124 230 19 194
285 210 21 210
20 215 17 27
354 35 29 272
130 60 10 174
370 122 22 102
490 399 3 191
393 472 28 162
156 340 26 57
271 202 20 119
325 268 29 112
203 241 23 13
178 94 6 259
397 477 24 157
473 341 12 51
435 306 27 157
221 116 13 218
197 10 27 97
442 193 1 189
433 457 24 4
419 107 20 135
327 11 29 144
95 232 4 284
226 54 5 274
108 227 28 223
17 117 28 7
347 379 24 172
427 170 29 122
354 470 12 214
56 69 3 247
428 279 17 122
330 143 6 197
421 445 14 15
229 496 2 121
208 354 21 44
234 53 23 89
31 124 19 41
144 55 15 198
130 367 12 97
46 329 16 262
188 485 15 170
63 446 22 67
8 53 20 81
174 105 8 214
117 257 14 186
226 360 14 149
47 251 1 202
484 90 26 81
20 400 20 27
488 220 12 181
84 356 12 262
303 83 28 121
438 356 9 26
372 132 29 128
76 364 27 199
414 459 27 55
383 453 10 296
207 129 1 155
464 481 0 233
181 35 26 115
132 157 23 102
420 349 9 283
37 242 19 50
381 463 23 294
127 13 9 80
162 11 8 293
224 85 18 37
335 264 5 250
264 197 27 16
179 436 10 11
298 132 9 277
201 184 13 228
261 124 22 287
63 223 29 148
328 167 24 282
335 331 3 64
482 224 23 142
228 188 10 54
151 119 24 210
389 194 28 235
73 201 2 18
91 383 9 290
128 469 13 109
179 355 9 207
286 126 28 215
117 79 28 241
7 230 19 68
467 394 20 177
43 68 27 243
430 167 16 36
291 267 16 24
140 213 14 117
64 429 27 70
396 181 9 249
96 134 18 142
457 404 28 293
234 226 14 31
0 238 3 255
410 86 12 200
493 36 4 141
91 304 26 109
354 19 7 268
300 370 8 22
120 367 17 42
63 47 0 282
456 285 5 161
429 54 29 173
484 285 8 79
228 93 26 299
283 213 21 272
391 387 23 295
452 256 1 166
370 42 19 129
460 287 18 20
376 438 9 84
359 372 24 178
455 244 24 272
211 102 12 51
459 308 6 245
453 494 5 120
311 400 28 70
138 481 25 147
434 415 10 131
103 36 29 72
140 382 2 292
402 87 6 243
211 130 4 292
91 334 17 108
430 412 19 271
159 163 19 37
141 68 28 152
472 6 26 4
235 39 2 123
123 55 18 103
46 257 25 220
373 284 4 86
122 83 9 26
391 348 20 236
383 122 25 177
154 69 27 270
347 386 29 229
111 187 11 166
377 232 4 213
240 375 3 254
173 253 19 233
473 381 5 71
205 208 27 176
144 2 21 114
437 236 10 2
374 186 21 286
40 8 14 119
404 127 16 32
449 473 3 250
479 325 20 286
3 331 14 12
372 140 17 197
317 40 8 106
388 49 2 162
259 176 3 118
81 157 6 188
475 364 11 139
323 305 14 205
489 439 12 248
72 40 17 125
419 427 15 298
133 260 5 146
341 237 13 27
222 301 1 71
395 25 12 59
50 200 0 104
334 83 0 282
145 85 7 255
331 433 11 104
92 94 27 234
448 330 8 20
249 418 18 279
168 393 2 134
48 183 0 39
491 223 17 141
67 148 27 163
188 161 4 82
218 352 19 10
394 4 24 47
120 161 22 61
412 115 21 288
137 413 5 282
336 497 4 21
245 393 5 270
320 232 22 286
468 89 8 270
80 446 11 46
460 473 6 246
361 408 13 109
372 379 3 189
97 142 19 246
93 7 27 146
137 65 27 274
299 154 2 227
62 253 29 31
237 19 16 212
104 431 17 253
118 57 23 28
354 345 18 176
257 435 7 113
136 24 25 164
410 186 27 207
479 393 14 140
315 23 6 89
349 21 27 140
136 178 14 188
307 160 14 35
426 412 9 37
468 115 12 246
196 314 24 223
93 9 4 83
133 232 0 219
423 118 22 190
260 35 11 235
311 283 4 148
488 431 1 140
175 248 8 102
360 421 16 232
50 386 11 63
296 151 8 196
44 69 1 120
26 175 20 186
39 355 9 201
67 276 11 53
343 475 16 154
307 489 9 144
83 215 15 287
448 75 16 59
242 131 9 248
208 171 1 42
51 352 15 283
290 485 23 223
253 489 17 281
213 215 20 49
312 61 14 193
469 57 3 132
206 199 6 123
116 118 20 250
27 193 28 215
23 393 13 20
1 390 20 135
454 325 22 153
245 432 17 216
475 440 14 122
244 310 6 62
263 405 17 273
266 439 28 215
168 354 10 187
71 417 3 164
446 67 29 78
473 171 27 292
86 325 4 51
248 443 29 43
397 408 14 161
190 21 21 169
294 213 25 88
299 486 13 112
72 248 8 95
478 66 7 21
389 335 29 222
33 415 25 148
306 294 10 273
301 48 11 59
9 373 3 203
176 119 18 95
185 165 8 256
322 314 25 3
245 387 15 187
465 218 28 187
442 256 10 120
68 134 16 196
478 355 1 178
4 288 15 39
375 263 6 148
439 170 2 54
483 150 20 52
292 273 12 178
29 295 9 204
382 410 6 299
374 358 20 32
487 6 6 179
429 136 11 177
106 254 4 97
240 427 3 123
211 183 5 130
129 375 10 117
439 236 6 156
278 136 7 192
334 454 12 186
453 141 21 251
159 51 7 70
389 350 11 178
371 292 26 111
399 351 14 210
354 223 2 167
113 195 0 274
49 9 10 289
194 226 18 193
486 357 2 284
120 303 8 106
199 239 20 143
165 163 16 127
20 83 20 187
339 260 4 39
484 380 9 104
61 55 15 68
252 301 20 208
55 351 4 2
168 34 22 102
418 432 8 122
408 360 6 264
273 236 17 251
268 69 11 270
157 9 6 248
200 73 3 101
242 4 3 100
61 248 11 125
375 64 24 16
266 430 11 203
158 9 15 17
72 486 20 52
14 450 13 144
154 3 13 144
423 260 17 112
242 53 20 240
150 112 28 12
458 269 18 164
239 185 5 282
416 65 18 37
360 191 10 9
447 213 10 81
4 61 28 155
83 454 18 94
50 344 4 180
89 417 6 34
114 314 19 101
329 112 11 106
316 457 12 170
222 429 27 271
317 337 18 285
37 17 19 264
43 281 23 136
342 282 15 154
81 166 20 203
418 262 4 195
465 258 5 227
203 206 28 106
156 462 14 169
135 411 7 113
294 121 4 65
446 69 2 292
399 224 21 55
103 446 22 63
283 251 21 22
159 432 11 263
211 494 5 43
150 172 13 98
394 282 21 199
207 116 11 271
489 151 27 34
312 2 21 195
247 113 17 137
133 327 23 178
97 8 8 125
468 133 19 198
95 394 18 137
211 292 0 39
162 133 20 224
358 293 5 298
420 199 6 128
285 478 13 78
163 492 7 296
255 456 11 82
382 39 10 156
390 102 14 269
230 497 28 280
24 319 21 272
98 312 16 24
283 39 23 180
112 150 5 55
487 443 10 278
362 280 27 7
146 344 9 189
130 91 11 235
211 108 17 239
42 242 23 297
108 458 27 292
380 438 20 268
182 420 22 5
107 360 11 147
37 188 1 186
492 175 19 292
94 324 27 113
99 492 12 22
283 353 16 113
64 224 4 243
442 317 0 203
81 9 9 207
127 365 8 37
414 261 22 200
393 195 8 30
117 246 23 219
181 105 12 163
454 360 14 197
374 429 0 274
481 170 11 292
254 206 25 77
348 41 12 42
408 282 20 19
104 172 28 282
412 230 1 92
236 414 14 286
203 115 14 271
395 235 21 50
108 377 13 263
477 460 28 47
252 243 29 232
265 153 8 209
207 272 7 201
326 402 24 209
160 301 23 145
337 44 16 200
420 373 16 279
181 104 13 14
44 71 0 44
195 24 29 240
335 180 25 252
31 57 26 235
57 46 17 198
21 421 17 134
235 22 26 164
464 314 17 188
20 323 6 155
187 62 21 256
310 464 22 129
355 325 11 11
483 438 23 258
86 406 20 222
140 20 29 14
295 415 14 181
157 421 23 123
496 300 29 144
295 434 4 276
194 104 2 122
373 469 19 46
100 219 3 5
499 91 26 50
337 409 25 252
278 123 21 293
234 182 25 169
426 264 7 224
445 4 9 28
171 391 11 170
328 65 16 34
292 327 0 152
378 18 22 262
19 247 8 240
281 172 24 99
456 232 9 297
395 355 10 96
401 92 24 65
157 94 9 195
276 188 0 119
207 140 19 50
293 483 23 190
142 111 10 77
411 176 25 44
224 199 11 34
400 24 8 220
208 443 27 288
482 162 7 80
235 465 19 93
323 46 18 31
248 393 7 188
366 38 15 201
113 30 21 23
47 8 27 18
295 429 15 82
291 373 16 151
338 56 26 110
377 55 3 240
227 60 0 223
202 321 3 263
364 287 12 19
266 158 3 32
92 350 29 225
357 474 26 271
285 496 22 294
340 428 15 217
136 134 25 79
385 397 10 219
16 429 18 217
294 459 9 289
3 224 1 132
418 251 16 40
307 319 12 245
299 180 8 153
226 357 16 164
154 434 11 208
226 62 20 290
446 460 8 110
126 246 2 100
486 326 19 111
64 236 20 170
226 391 11 65
141 183 2 157
62 468 0 167
120 41 17 14
314 39 16 206
187 95 22 92
151 381 17 100
108 479 21 82
137 277 28 24
490 482 13 210
472 367 21 87
481 134 23 140
35 178 13 147
141 169 21 217
51 434 8 6
492 156 13 272
57 350 7 295
271 409 11 88
60 331 25 181
58 397 2 160
324 455 9 222
337 43 4 290
134 367 27 226
123 431 26 101
357 454 5 297
219 32 11 123
10 124 22 225
490 30 29 175
209 248 1 181
318 45 11 300
354 130 16 243
374 112 21 204
222 266 28 175
187 367 18 258
123 378 2 78
345 486 12 157
227 68 10 264
324 183 4 175
321 2 27 198
311 259 10 94
342 96 13 265
265 182 12 10
206 290 23 229
423 127 5 85
297 455 28 3
487 181 24 54
346 131 11 259
396 345 9 287
259 53 22 58
432 193 21 102
415 422 0 89
149 338 8 84
43 85 25 116
404 247 6 277
90 193 24 281
53 92 29 242
57 78 17 139
365 64 28 231
415 135 18 27
374 184 10 13
242 465 11 250
330 37 2 266
292 0 17 108
97 173 23 123
362 441 23 247
166 175 19 5
449 158 12 166
450 443 28 109
140 133 17 75
450 387 16 210
468 428 28 50
308 477 29 171
348 284 14 247
102 122 24 131
341 13 11 59
318 344 2 15
371 29 5 15
411 385 12 244
411 453 25 264
394 106 15 266
35 309 2 126
398 217 1 166
156 94 22 10
417 100 26 148
39 155 7 156
217 336 4 138
27 115 17 137
224 114 29 295
217 322 14 297
444 453 11 1
73 392 19 118
311 370 20 32
131 80 16 103
408 186 25 108
2 54 6 210
92 0 11 19
468 190 14 232
55 72 10 204
280 194 2 103
297 261 11 166
375 8 1 123
345 440 10 107
296 278 10 254
261 15 26 242
475 112 16 154
243 268 0 17
314 158 7 111
62 135 20 23
79 171 18 137
387 247 17 231
216 56 2 255
380 325 3 71
203 158 15 15
413 411 12 22
254 235 13 11
258 263 11 146
132 170 29 292
54 238 6 215
382 290 28 297
31 345 24 122
391 227 21 124
200 395 15 239
188 281 8 198
161 401 20 92
197 167 18 158
295 492 6 35
154 485 24 17
25 439 27 120
127 15 23 13
400 255 29 1
52 412 9 54
48 289 21 120
482 464 17 195
253 307 25 209
9 210 7 279
31 419 22 165
44 354 5 237
202 314 16 244
363 380 7 287
50 79 0 199
276 387 2 20
464 462 13 59
466 96 0 202
216 313 8 92
316 372 17 277
256 274 27 179
376 269 23 162
300 407 8 5
410 402 27 245
160 184 23 185
89 142 7 163
372 133 6 114
165 65 22 105
413 354 28 90
196 459 3 103
321 161 4 53
260 0 16 65
38 383 17 24
218 182 8 129
255 71 26 286
159 494 22 212
178 222 13 39
470 467 7 221
65 105 4 132
51 40 3 41
185 450 5 192
310 379 25 261
282 35 22 33
373 49 26 218
221 494 1 255
390 371 17 288
412 23 14 241
246 252 26 216
118 261 24 4
97 228 24 39
296 418 22 191
463 223 24 32
441 2 12 149
228 316 3 298
439 148 7 184
157 391 8 131
316 140 21 24
353 59 13 170
106 58 27 267
129 109 4 122
95 62 0 199
301 83 17 200
417 194 15 7
408 81 6 146
383 324 14 185
400 31 10 150
178 244 23 9
384 361 11 43
437 402 24 293
200 246 17 73
242 290 12 128
400 10 14 280
423 335 11 31
405 440 7 201
374 481 28 75
51 469 7 212
349 270 26 28
133 483 25 183
275 49 17 239
76 2 22 9
397 110 24 110
313 342 10 200
18 255 7 294
230 251 0 64
443 327 29 140
281 300 5 50
71 65 16 177
497 409 25 134
264 301 19 77
110 430 29 18
396 468 11 237
102 397 21 196
490 215 9 172
207 307 10 259
78 116 6 114
462 183 11 147
340 45 25 196
134 458 3 13
422 39 16 49
390 158 8 128
154 27 20 141
483 407 27 46
477 193 29 133
351 145 6 195
210 424 3 72
229 51 5 1
203 67 22 149
130 385 23 171
331 340 3 138
261 140 23 38
35 3 1 55
356 177 29 251
45 204 1 285
50 361 1 223
276 370 6 195
170 228 13 190
78 176 0 264
470 377 10 292
324 240 11 143
482 228 6 43
17 167 3 18
101 177 5 210
372 211 10 87
135 202 21 212
110 277 21 55
118 20 2 47
469 7 1 2
240 115 9 158
423 11 6 263
126 349 6 152
383 70 20 267
228 423 19 117
107 62 5 226
255 104 28 72
128 160 17 75
490 484 3 108
58 183 6 58
486 99 8 194
398 411 20 48
198 71 7 47
177 202 26 97
247 265 0 59
88 235 10 147
405 317 20 226
74 42 17 273
280 173 9 38
431 378 5 52
104 158 27 196
321 319 2 61
1 167 16 55
58 20 22 10
164 388 17 272
88 434 6 124
492 189 15 148
161 99 0 75
318 296 21 120
235 480 8 190
469 379 13 232
216 215 13 63
63 147 16 61
143 186 21 200
78 362 11 104
457 150 11 221
488 430 10 128
77 469 11 223
452 495 24 55
129 272 12 114
139 301 13 134
479 74 8 264
111 239 28 16
121 323 4 233
343 66 29 92
133 54 21 45
25 480 19 176
61 324 20 8
274 426 23 254
228 54 8 186
439 166 24 219
380 359 17 27
386 349 28 267
186 183 22 11
41 363 27 74
205 485 9 169
167 162 2 242
487 66 2 207
488 122 3 199
390 248 4 196
237 220 13 105
109 20 3 254
466 38 17 50
448 88 3 225
251 285 26 110
11 34 5 281
428 151 29 237
4 127 12 140
489 181 17 180
40 213 26 178
46 466 6 295
71 378 14 42
116 367 0 293
253 62 10 68
78 129 25 204
233 153 28 30
349 410 22 121
245 359 15 94
301 440 28 294
84 117 10 167
321 44 11 151
55 203 0 164
231 32 14 96
17 428 4 279
69 73 24 287
184 232 12 90
329 351 2 119
125 251 17 182
7 88 20 69
496 27 2 175
25 400 4 131
225 470 12 242
446 476 6 120
12 129 10 292
80 154 4 101
293 438 9 279
160 335 16 187
41 19 5 252
147 374 27 251
188 350 13 48
51 486 13 156
277 27 9 65
205 175 0 29
117 56 7 88
242 453 2 168
124 112 18 45
322 424 19 224
130 247 14 64
340 106 24 224
259 80 19 288
9 69 21 114
52 428 6 182
97 443 15 237
300 488 25 19
360 391 6 107
472 131 18 67
242 334 17 208
95 466 27 207
303 20 1 25
446 130 9 276
308 171 12 6
357 49 22 73
344 144 1 80
293 149 9 141
32 105 24 115
188 271 16 210
211 384 2 289
416 382 0 19
75 302 12 178
244 338 3 19
170 417 11 50
137 397 29 241
262 115 7 10
298 337 6 162
170 45 19 223
397 155 5 110
106 101 13 13
103 186 3 7
47 280 14 77
208 455 8 31
100 428 6 284
417 183 19 235
390 487 6 2
93 139 9 215
422 162 5 164
473 107 11 27
262 399 4 251
139 351 4 153
455 440 15 282
430 44 24 104
166 294 27 91
332 470 5 174
121 451 18 71
83 60 21 243
343 8 20 113
221 329 1 216
46 147 24 275
417 142 17 121
99 114 15 246
175 230 12 40
350 459 29 101
131 489 23 228
435 437 8 166
479 349 15 143
442 342 13 292
116 376 14 280
339 195 8 46
37 256 21 201
258 81 19 79
204 18 21 161
456 84 8 200
95 87 1 24
485 183 0 185
1 130 4 278
345 385 15 96
103 296 3 288
151 475 20 48
319 23 14 164
141 212 13 199
380 399 16 95
297 163 4 161
435 236 15 126
353 61 10 155
411 350 13 174
36 200 0 149
455 60 9 294
263 417 15 300
407 126 26 165
346 107 20 21
175 474 23 234
180 269 3 176
467 99 6 134
270 112 23 209
216 401 17 21
161 2 8 223
151 313 20 270
239 287 13 277
155 225 13 220
311 365 23 206
291 288 6 68
126 180 18 3
171 252 7 163
451 126 20 62
94 300 19 276
97 110 19 56
15 162 4 86
150 293 9 183
384 366 20 54
155 8 6 300
434 273 3 155
141 116 5 226
207 486 19 108
89 260 11 70
106 80 0 46
489 115 11 189
83 198 14 259
498 23 27 46
305 169 13 160
116 207 8 121
142 410 0 124
417 366 17 32
190 158 28 271
234 78 29 38
448 492 19 67
420 18 19 75
139 175 19 134
68 160 16 197
488 174 9 249
192 34 27 278
448 267 3 119
253 352 4 166
50 398 21 109
85 3 1 26
343 433 5 91
77 287 25 123
106 276 26 150
259 452 16 97
93 142 1 201
77 408 13 106
34 236 4 231
150 101 29 33
378 145 2 207
467 376 29 55
417 280 26 70
0 475 25 149
19 466 8 177
160 163 21 176
145 229 26 16
108 347 3 216
343 190 22 273
329 159 11 282
312 436 15 134
433 377 10 105
469 139 22 22
467 256 9 145
469 462 6 149
256 204 3 67
18 153 24 176
287 152 25 275
263 91 9 126
473 80 16 246
28 233 12 205
317 275 6 293
62 45 18 278
389 354 0 288
228 20 2 296
195 51 24 183
250 425 1 49
421 487 27 192
26 80 26 118
298 256 12 102
94 228 26 66
159 192 17 85
376 41 14 239
71 232 6 161
334 486 2 236
351 218 13 170
138 380 26 40
122 255 27 199
15 54 28 242
183 61 22 106
410 99 16 194
322 91 15 238
118 351 16 107
190 108 27 117
85 433 17 211
430 204 22 150
353 202 5 253
4 255 1 40
287 373 6 16
356 436 6 149
287 462 3 105
331 443 20 140
129 103 3 29
325 55 17 296
178 382 14 40
362 49 6 250
346 181 1 211
438 95 5 7
300 364 29 198
325 222 26 56
116 87 19 211
304 441 6 248
340 169 26 266
389 435 26 6
167 366 19 211
63 40 12 95
429 165 11 247
420 161 5 56
398 179 13 171
58 244 27 63
34 471 3 220
182 353 4 217
178 408 18 241
388 228 18 271
258 306 19 236
292 424 22 69
441 9 29 277
243 29 23 268
465 296 6 145
228 192 7 237
316 351 18 281
495 97 12 300
416 325 1 136
46 392 11 3
455 35 2 121
371 41 5 200
220 448 3 246
16 322 6 122
132 303 24 134
166 37 2 56
474 211 3 60
402 100 2 52
162 49 17 211
147 101 11 300
290 414 20 65
24 339 29 9
168 328 11 115
488 18 10 22
211 287 16 271
243 314 24 216
111 7 20 47
463 90 16 254
74 34 18 155
36 392 4 7
420 16 6 119
172 275 15 75
156 5 19 254
35 274 5 186
280 355 4 112
153 490 16 147
1 246 18 146
127 367 23 206
157 274 27 116
278 287 13 187
55 404 20 286
44 377 29 117
194 17 29 280
280 300 6 247
223 481 22 168
158 446 12 42
350 1 16 156
349 490 29 62
233 310 21 257
384 434 26 196
381 136 18 10
261 125 26 23
432 464 24 175
269 294 24 224
13 390 13 38
478 459 6 131
214 40 24 209
292 391 14 181
69 149 29 42
168 244 5 105
19 370 4 61
24 178 28 18
160 353 6 78
413 410 12 28
26 469 25 97
391 372 28 255
490 15 10 131
425 78 26 94
149 240 18 144
107 274 0 62
276 397 12 72
254 236 6 152
433 230 26 92
159 374 29 170
416 487 5 251
308 222 8 87
418 66 24 219
285 168 21 122
313 250 24 32
489 201 1 131
202 210 17 216
458 301 0 78
282 304 29 221
481 377 25 278
498 399 4 229
483 82 28 300
31 166 5 22
189 208 0 129
338 126 24 240
201 428 19 95
101 231 11 77
227 151 3 133
260 315 0 172
209 380 17 262
390 455 13 118
83 338 5 207
313 377 22 180
28 243 8 138
49 92 9 71
415 59 7 211
46 380 10 55
359 103 15 106
317 185 4 12
215 42 4 59
139 496 26 171
56 184 2 167
458 403 29 194
362 471 4 84
183 169 9 95
279 262 9 214
417 79 23 250
54 377 26 200
105 98 25 277
72 84 1 291
397 257 15 52
109 6 23 240
172 60 0 12
285 360 14 91
163 13 19 28
48 87 21 62
177 227 8 103
174 181 6 124
412 165 12 203
160 241 17 19
169 447 25 44
465 363 22 22
332 286 26 116
170 49 24 83
462 103 8 129
215 256 19 55
6 76 24 94
336 67 14 217
317 138 19 261
408 162 19 239
393 184 24 98
469 381 1 189
449 491 2 175
54 115 1 255
75 116 17 75
339 172 27 119
449 121 3 139
245 287 14 293
473 481 7 264
0 341 13 126
17 103 22 206
95 204 12 161
16 435 2 42
384 112 28 169
27 65 0 294
189 62 26 133
164 395 16 75
363 283 15 298
279 135 1 58
323 297 14 261
80 323 25 160
456 471 25 266
242 156 27 12
227 409 7 90
451 364 4 138
7 93 3 170
237 196 5 38
265 200 22 102
19 94 23 205
161 6 13 135
446 495 15 228
427 121 23 293
13 270 15 162
387 58 1 25
361 180 20 299
261 120 3 256
442 238 8 124
110 499 25 291
188 435 23 176
401 286 6 257
226 215 11 34
39 494 14 176
475 361 25 32
196 329 6 85
456 465 24 173
263 67 1 39
175 274 9 137
306 325 15 291
359 282 29 12
80 84 18 255
437 29 2 102
265 163 26 242
61 430 2 250
89 463 19 74
43 226 17 262
377 24 24 159
411 467 29 296
96 346 27 289
197 158 21 248
244 325 26 270
185 41 12 189
135 197 6 85
125 290 7 275
394 236 19 116
274 18 19 127
330 127 19 91
435 202 21 83
381 353 21 103
185 118 2 202
261 454 0 116
180 377 26 182
414 415 5 175
268 130 13 21
27 107 9 168
489 335 16 263
345 79 10 197
380 465 13 74
104 179 25 266
396 385 29 184
340 72 2 171
410 217 14 297
213 66 24 117
397 372 6 279
7 469 4 137
215 334 5 196
379 451 3 295
354 389 28 168
120 96 23 133
143 407 17 152
27 81 22 25
86 185 22 136
88 56 13 27
133 229 28 70
114 181 19 21
132 217 11 52
247 165 10 76
340 6 13 290
385 130 9 269
217 58 15 173
386 204 5 230
434 66 5 33
346 311 21 213
205 145 14 132
256 327 15 45
32 75 11 85
248 222 13 53
73 223 11 43
212 377 0 266
150 245 13 135
226 220 21 38
434 129 18 181
495 461 19 71
447 86 22 192
387 465 11 68
170 396 0 33
451 104 19 81
474 115 16 296
146 12 5 50
453 109 4 7
160 281 18 243
9 32 13 165
119 336 12 231
416 9 26 44
37 11 3 108
257 6 8 143
382 195 21 125
481 9 9 229
188 62 15 9
71 83 17 141
106 337 27 281
184 174 21 12
213 328 14 174
83 199 17 281
451 377 12 168
239 433 12 140
362 448 4 72
108 360 13 87
290 110 19 151
469 255 29 16
35 345 2 61
161 423 17 286
180 194 17 139
337 201 10 35
475 147 5 61
96 468 29 87
387 357 25 128
268 296 4 8
336 456 1 141
430 120 13 273
478 382 21 285
317 350 8 259
202 467 19 27
172 458 15 263
459 116 6 257
199 326 12 250
26 115 8 215
454 220 22 202
296 313 22 50
183 362 25 88
423 49 4 215
363 97 24 73
348 22 19 10
348 283 25 107
64 148 23 235
262 98 14 71
398 155 20 232
61 474 10 113
170 131 22 256
429 103 10 253
473 43 7 278
459 397 29 90
483 174 0 180
77 310 29 17
56 141 8 85
81 335 29 158
216 250 2 275
23 443 27 280
299 210 8 113
470 306 19 112
329 449 0 87
247 431 2 54
195 369 28 189
495 76 4 97
412 79 3 220
491 229 8 170
101 193 18 57
215 100 8 196
225 257 18 115
353 451 7 38
174 40 14 49
481 276 11 203
422 316 1 230
112 360 10 246
163 455 18 7
258 350 16 272
376 286 6 249
365 341 10 161
5 419 9 56
453 233 17 27
419 67 12 66
87 382 15 8
153 292 22 154
53 111 27 76
261 484 4 229
490 21 12 90
441 333 19 264
446 494 19 226
190 462 0 183
318 90 0 126
212 100 20 43
254 121 18 22
136 471 5 54
285 395 12 169
349 245 27 246
461 482 11 299
31 3 27 290
364 228 28 113
363 376 13 113
440 295 23 159
373 359 15 244
312 47 15 179
337 417 29 4
157 179 13 184
87 253 14 54
446 489 28 56
139 178 25 158
388 337 4 114
121 164 20 216
22 277 4 112
94 208 25 126
390 440 29 293
277 143 4 236
14 47 22 181
115 399 28 194
497 363 4 252
71 467 14 206
63 138 18 131
155 309 18 259
177 373 28 215
65 171 11 83
414 27 29 288
447 299 25 103
167 205 21 148
227 178 22 273
476 92 14 273
28 14 28 108
496 70 9 174
496 396 5 236
418 1 15 254
103 167 7 78
422 143 7 116
406 42 19 138
264 88 15 185
105 446 23 169
222 36 29 141
156 14 24 191
260 62 8 127
328 461 2 45
251 209 15 44
467 172 25 40
128 23 12 152
19 293 16 93
152 25 25 289
448 17 9 235
302 408 13 262
445 135 10 188
69 115 17 293
350 474 10 248
158 7 1 166
249 343 8 256
320 474 28 101
45 265 26 181
404 65 10 192
322 44 17 175
268 366 2 159
318 117 12 271
250 129 0 285
63 359 13 136
337 433 11 115
435 95 8 32
135 183 22 8
357 436 25 209
244 176 10 232
50 328 19 124
167 247 8 170
221 393 29 46
59 183 27 289
314 440 26 61
367 18 17 79
55 257 5 131
199 303 6 65
128 321 0 22
189 4 6 49
446 440 11 219
25 89 17 245
327 31 24 52
274 79 4 141
76 150 3 134
402 474 11 100
426 355 6 211
118 388 13 107
278 337 22 125
295 127 2 69
333 175 8 221
366 95 20 210
96 47 3 72
169 22 12 4
325 19 9 278
408 62 7 261
224 451 22 142
281 219 21 114
231 204 22 31
240 130 9 169
259 439 11 87
44 382 19 281
440 120 24 231
332 295 15 225
101 364 0 36
51 422 24 1
122 171 5 200
148 191 16 168
212 111 19 234
82 471 12 267
393 27 6 90
317 66 19 213
121 488 19 154
256 171 6 280
110 492 20 187
425 195 20 18
341 66 21 280
33 309 8 162
270 363 27 227
145 192 24 139
72 492 5 255
437 339 12 269
35 302 28 172
29 161 28 300
264 369 1 183
227 55 22 266
165 313 11 194
446 433 25 281
210 68 6 153
218 141 20 283
8 494 7 47
302 286 24 124
106 107 12 210
117 314 17 79
439 13 23 59
241 188 24 17
490 431 15 107
111 267 1 137
111 19 29 193
441 173 6 135
227 357 7 245
274 257 22 198
391 194 22 174
438 462 1 57
177 322 18 157
284 477 12 145
158 354 13 196
262 299 3 109
490 23 7 20
124 305 27 185
356 309 19 3
261 238 3 144
235 236 19 231
184 244 29 22
202 463 20 201
433 315 4 155
229 228 8 287
13 445 8 237
405 369 8 98
322 69 8 218
132 230 28 133
220 144 13 76
335 369 20 228
45 478 5 111
46 157 0 174
71 110 16 283
80 143 7 56
388 450 6 87
340 348 10 87
349 160 4 87
80 352 22 186
471 256 25 286
14 249 16 197
116 104 8 281
191 422 26 287
276 286 21 55
30 425 9 29
412 453 1 31
3 217 15 293
7 220 13 285
441 237 29 285
52 406 10 225
18 23 17 57
458 316 20 62
184 321 6 16
412 54 19 284
134 292 29 155
69 83 1 179
175 340 26 280
137 100 3 205
79 54 6 140

0 294 21
1 482 11
2 212 53
3 128 53
4 396 56
5 112 37
6 474 56
7 349 53
8 425 28
9 244 2
10 495 39
11 87 18
12 281 44
13 466 46
14 429 30
15 133 53
16 460 57
17 169 4
18 299 17
19 424 7
20 335 27
21 55 40
22 331 10
23 442 27
24 195 0
25 63 6
26 223 49
27 198 2
28 187 57
29 105 55
30 347 14
31 345 55
32 417 24
33 364 8
34 256 34
35 54 54
36 492 45
37 213 18
38 90 19
39 154 10
40 10 5
41 377 11
42 411 9
43 390 48
44 494 29
45 486 10
46 111 30
47 228 36
48 34 12
49 65 11
50 450 52
51 461 37
52 464 22
53 95 59
54 214 1
55 163 59
56 86 19
57 250 57
58 93 34
59 232 10
60 325 26
61 3 3
62 134 19
63 71 58
64 66 8
65 358 2
66 291 8
67 62 6
68 428 55
69 77 1
70 272 22
71 179 49
72 171 38
73 406 35
74 284 29
75 110 37
76 27 11
77 317 15
78 308 4
79 161 55
80 412 43
81 432 50
82 102 23
83 158 40
84 177 27
85 366 19
86 465 30
87 36 51
88 283 36
89 481 32
90 1 34
91 52 37
92 160 39
93 353 21
94 100 8
95 452 0
96 348 5
97 455 56
98 274 6
99 382 42
100 446 35
101 205 52
102 12 54
103 104 22
104 362 19
105 344 30
106 296 16
107 314 48
108 235 7
109 57 2
110 222 53
111 430 1
112 292 58
113 37 39
114 193 6
115 172 51
116 356 10
117 318 13
118 26 30
119 326 36
120 166 55
121 416 30
122 96 45
123 132 28
124 147 9
125 164 0
126 307 0
127 290 1
128 496 59
129 433 36
130 182 34
131 130 8
132 418 30
133 380 15
134 103 10
135 497 35
136 23 20
137 339 33
138 421 14
139 211 45
140 206 34
141 143 1
142 73 38
143 369 54
144 29 14
145 148 8
146 252 1
147 293 36
148 135 37
149 28 21
150 451 17
151 88 33
152 120 15
153 378 11
154 249 51
155 404 53
156 459 39
157 402 34
158 265 44
159 408 46
160 439 52
161 458 52
162 153 43
163 338 41
164 231 22
165 138 25
166 341 3
167 98 53
168 118 36
169 261 56
170 255 34
171 405 59
172 146 28
173 477 35
174 401 49
175 131 9
176 49 55
177 19 49
178 167 22
179 379 31
180 18 54
181 42 47
182 309 35
183 444 16
184 129 56
185 322 19
186 485 17
187 282 4
188 279 57
189 311 21
190 25 56
191 394 33
192 389 46
193 126 44
194 188 27
195 298 38
196 106 45
197 453 47
198 220 14
199 253 0
200 285 27
201 334 43
202 280 49
203 58 19
204 85 4
205 312 56
206 363 33
207 257 22
208 192 0
209 173 40
210 72 23
211 114 11
212 159 22
213 365 37
214 196 11
215 367 35
216 467 29
217 92 57
218 200 37
219 185 3
220 273 29
221 330 18
222 462 16
223 383 43
224 267 47
225 8 18
226 306 23
227 155 29
228 76 53
229 310 26
230 245 0
231 175 47
232 329 3
233 376 47
234 176 51
235 140 8
236 116 9
237 79 11
238 136 24
239 286 8
240 234 51
241 321 32
242 360 19
243 69 38
244 241 50
245 319 59
246 277 13
247 181 49
248 427 10
249 361 58
