200 800 100

800

89 2 0 17
46 155 7 80
133 165 27 67
6 31 25 25
178 10 6 12
105 91 24 31
115 120 1 50
37 145 14 72
119 185 20 27
139 12 14 62
65 139 3 34
81 62 23 77
56 2 3 73
174 51 18 9
143 139 19 65
58 140 25 22
174 99 6 20
51 109 21 31
104 158 7 59
145 55 3 80
35 24 19 56
179 135 25 75
155 135 12 62
111 189 17 39
104 119 11 19
70 38 14 44
59 189 4 5
173 138 21 24
109 124 18 51
38 166 14 77
55 196 9 47
61 131 4 49
43 166 25 34
19 86 19 45
26 73 15 8
79 166 13 15
188 160 21 80
112 193 22 24
195 185 24 62
4 199 27 62
112 199 27 73
28 61 11 42
85 193 25 44
45 84 27 75
137 193 10 57
64 87 15 34
183 103 20 49
139 185 23 68
55 19 26 30
159 132 14 75
35 38 17 41
88 27 23 38
139 130 21 36
192 177 2 20
178 61 8 34
140 168 8 61
31 2 14 42
13 123 2 41
165 8 3 24
32 20 29 38
36 81 13 75
198 183 28 55
30 75 24 72
77 20 17 63
90 27 23 37
126 81 22 74
116 70 25 47
101 182 5 5
50 30 20 53
155 80 10 17
137 107 5 10
95 71 11 20
30 151 29 71
137 79 1 56
46 104 28 39
190 18 25 74
158 138 20 58
135 4 0 28
20 19 14 66
74 70 8 19
108 69 23 41
191 181 5 25
67 95 7 41
196 96 13 61
192 36 17 34
18 181 18 30
150 83 23 23
62 132 7 20
196 54 25 1
33 137 29 23
149 171 24 75
56 167 28 70
168 102 26 69
84 56 3 1
57 180 12 1
178 86 1 31
54 113 17 73
13 94 10 41
42 131 14 71
72 79 13 12
190 13 12 43
84 72 4 44
83 198 6 56
48 159 2 76
97 167 4 55
147 186 16 6
20 16 8 35
84 170 11 26
81 60 18 28
171 122 18 38
61 96 12 52
126 133 24 35
191 40 19 21
29 38 27 24
41 106 20 25
38 198 8 5
50 136 6 16
137 65 23 73
79 178 1 46
109 112 4 76
54 99 26 42
113 65 6 22
17 192 21 16
12 147 16 70
161 148 12 31
174 107 10 28
41 118 8 44
197 162 7 63
95 16 13 45
97 76 22 40
14 34 2 15
23 194 6 5
198 102 27 49
114 152 0 39
138 34 3 71
157 0 20 36
137 40 11 56
11 198 28 38
151 105 13 80
127 170 3 10
161 118 10 79
188 194 11 66
84 14 20 23
127 173 9 4
94 91 13 2
56 88 1 56
131 13 23 26
76 100 27 78
105 189 17 47
166 46 19 69
141 123 20 69
49 14 20 37
132 65 12 35
71 25 5 54
179 77 26 21
166 128 29 23
176 11 15 27
22 118 11 72
94 0 14 55
132 150 19 48
69 64 13 35
162 42 24 73
7 90 7 9
124 93 20 62
132 191 13 57
29 74 28 4
15 190 12 7
192 163 18 62
143 131 0 74
175 35 9 23
79 115 3 78
184 124 0 12
190 10 5 3
2 3 18 79
159 13 3 76
45 125 21 54
178 184 23 48
55 19 9 57
178 193 18 44
80 172 26 24
118 187 8 31
55 13 0 34
8 28 10 45
178 37 24 31
120 112 27 61
154 35 11 24
41 171 15 59
117 46 13 73
35 19 21 55
106 43 1 6
120 36 19 52
16 51 27 3
168 82 23 74
24 82 17 26
61 139 2 36
38 113 23 57
150 105 0 66
44 21 2 17
16 12 16 24
183 46 4 41
137 166 22 61
56 81 21 24
44 22 26 77
21 30 17 15
160 158 26 72
29 131 5 77
64 5 24 49
111 159 6 24
132 110 2 47
76 79 24 59
22 190 2 15
112 181 2 67
175 58 21 65
85 180 28 80
88 103 18 7
32 149 28 58
177 199 19 73
146 13 11 10
13 19 4 19
64 101 26 44
195 164 0 69
180 33 28 52
63 137 13 2
82 1 15 38
16 164 7 1
99 43 11 12
183 60 1 15
165 87 21 52
78 140 10 76
145 113 12 48
87 43 20 26
100 155 19 52
144 171 16 49
71 88 6 59
190 2 4 13
71 26 20 34
126 124 19 14
85 101 19 76
6 166 21 55
127 42 22 44
146 196 26 63
101 189 27 46
8 13 17 4
141 63 12 47
69 162 6 51
40 100 23 63
157 58 28 17
43 86 1 38
158 88 27 21
63 145 23 61
133 27 7 11
9 29 6 49
17 174 11 67
122 71 19 35
163 110 14 48
64 0 25 43
36 103 1 42
3 13 0 16
15 95 21 60
105 85 5 49
171 153 29 70
11 134 1 63
98 91 18 60
5 120 25 65
156 40 0 70
2 40 26 79
189 167 23 62
134 78 1 71
82 34 15 5
186 96 8 27
24 104 13 14
124 109 15 33
14 36 27 17
12 131 10 2
6 172 0 9
168 17 26 43
192 58 0 22
105 158 17 47
22 134 27 60
43 16 1 19
25 170 11 67
121 181 3 1
179 109 26 37
183 198 19 6
123 41 26 3
54 111 20 20
60 101 26 48
59 184 27 16
190 59 15 36
152 175 16 20
132 155 14 58
58 140 25 78
188 6 27 18
26 68 2 64
194 100 16 32
100 14 12 46
165 167 25 44
67 57 2 67
49 125 27 32
42 156 10 13
19 82 14 61
116 68 19 28
128 99 9 38
102 194 22 39
158 157 13 19
128 26 15 23
193 76 13 15
55 181 5 25
168 140 24 10
126 40 4 17
125 44 5 57
0 107 27 18
65 5 10 1
104 107 29 22
189 71 29 79
17 8 11 60
170 93 14 67
86 135 26 21
99 84 23 80
35 122 25 6
165 160 1 14
162 115 1 42
142 16 27 25
88 188 4 77
187 124 26 15
173 34 15 17
48 46 16 69
184 102 15 29
28 110 1 2
112 123 8 41
178 20 12 67
195 26 9 20
161 26 25 38
91 1 26 62
93 192 23 47
92 167 1 62
172 118 6 70
128 58 26 29
177 37 1 38
4 122 20 72
21 135 28 64
120 195 24 3
73 130 18 22
178 127 1 17
6 121 2 16
91 41 28 28
173 59 18 27
81 131 10 35
87 154 13 21
140 65 1 39
150 5 18 50
25 148 11 30
121 63 15 58
49 152 24 80
84 21 22 8
131 30 16 44
126 68 4 29
134 50 14 36
34 73 15 27
56 54 12 29
135 63 25 26
122 22 3 32
152 28 20 7
194 58 24 59
164 196 16 16
159 47 14 1
158 93 27 57
64 62 27 70
110 145 0 74
166 11 2 36
199 63 12 46
13 8 19 72
143 35 10 38
103 144 11 22
74 1 24 52
177 44 12 33
135 110 1 33
36 169 23 4
137 15 29 7
37 31 14 60
160 120 23 7
94 84 24 43
22 7 19 52
27 95 6 70
82 30 9 38
197 101 21 71
136 180 24 25
83 136 29 29
63 164 21 11
28 35 29 71
193 124 26 34
182 104 22 13
111 120 9 19
82 106 3 23
43 93 17 44
69 186 10 52
188 15 10 27
104 158 9 69
165 147 27 4
81 14 0 30
134 133 1 79
120 38 28 28
65 99 7 56
84 174 7 25
158 0 2 61
59 69 27 26
136 2 13 51
197 194 21 34
14 132 24 2
154 73 10 12
59 117 5 53
55 12 28 69
182 183 14 27
133 175 19 31
91 97 17 24
42 35 21 63
40 54 22 68
23 84 1 80
169 36 29 11
80 171 19 30
188 5 18 75
134 173 4 12
134 177 5 74
96 154 29 47
148 106 4 29
70 127 26 80
195 191 7 18
53 180 18 46
24 178 24 39
142 118 26 41
88 194 10 64
143 190 24 56
130 73 25 21
176 89 22 68
184 87 10 2
47 22 19 27
58 157 10 5
5 91 22 79
67 75 11 68
70 176 18 20
66 115 1 68
93 75 5 69
10 139 1 51
166 42 22 63
146 103 15 79
74 92 5 20
197 21 16 13
135 0 12 10
51 127 3 19
173 116 10 9
127 100 10 61
186 40 15 17
159 152 9 60
38 16 21 50
31 39 4 34
96 5 1 33
70 182 3 72
71 37 28 26
80 66 24 73
82 38 0 41
162 79 18 68
89 47 9 63
137 146 25 13
18 128 7 51
27 95 12 28
117 149 9 62
164 4 18 61
103 87 17 30
99 132 6 63
187 27 20 37
107 30 14 69
164 96 16 23
114 83 9 40
37 189 4 15
197 59 15 2
169 89 9 74
106 40 6 69
131 153 28 26
148 122 26 34
40 126 5 37
107 9 2 50
32 85 6 52
81 14 3 33
0 109 13 68
103 163 9 30
187 116 10 56
158 22 1 12
116 26 25 53
102 42 14 36
70 20 19 4
106 126 4 17
52 98 8 4
161 108 1 34
161 162 19 54
151 179 2 59
169 27 29 79
82 22 0 53
190 138 14 41
46 26 13 41
53 169 6 2
41 20 11 25
158 195 1 12
64 177 3 71
143 185 0 27
184 132 10 28
34 136 0 58
198 187 5 19
98 121 1 6
23 186 16 75
122 176 9 50
152 7 15 57
22 181 0 33
32 196 21 35
48 6 13 15
9 89 11 6
124 147 20 73
107 199 26 64
133 56 15 48
57 70 17 55
22 151 19 26
34 144 0 33
113 196 9 80
49 83 11 26
131 95 16 65
45 195 4 17
174 181 6 62
105 37 12 58
198 22 22 76
117 181 3 46
13 72 23 21
172 98 22 6
159 172 21 71
140 13 10 52
198 12 19 20
113 93 28 59
175 147 26 32
35 54 4 66
35 101 10 38
51 101 13 68
120 106 20 52
122 69 7 51
61 112 8 74
49 190 23 32
113 134 1 31
18 145 14 5
173 1 3 60
150 101 0 59
189 154 4 30
165 189 8 36
123 190 26 8
1 23 19 35
12 150 18 31
91 150 12 15
17 13 14 29
149 113 19 35
151 28 1 63
38 98 25 49
144 89 1 70
41 96 12 74
136 83 6 42
94 134 15 8
168 72 9 66
47 194 9 5
191 127 10 77
188 71 5 17
92 167 16 13
96 187 18 79
124 182 11 70
154 41 0 24
90 2 22 52
134 7 27 7
130 180 26 50
57 49 25 75
134 112 28 67
184 77 11 41
50 119 16 45
89 150 5 7
87 85 8 9
80 25 4 66
195 35 9 37
67 155 7 25
7 69 27 2
199 161 1 32
88 21 12 6
97 118 22 62
167 159 15 10
182 24 24 62
113 67 14 45
131 11 13 50
55 70 0 80
166 101 24 27
119 9 9 25
99 40 20 51
105 120 19 80
15 91 17 4
147 140 22 20
177 185 16 30
22 74 2 55
20 137 21 20
158 58 13 77
71 21 26 15
14 89 22 34
85 19 15 42
66 143 17 17
189 87 10 21
187 130 11 30
59 182 25 18
127 137 11 76
37 4 0 11
142 177 7 71
6 7 26 10
142 156 26 44
39 26 1 63
136 77 0 60
25 92 6 61
80 69 15 29
44 142 29 77
177 17 12 41
20 96 8 42
47 114 15 45
182 60 21 36
123 44 4 59
119 58 5 62
42 103 15 24
62 58 26 79
7 169 9 15
85 101 13 36
92 178 2 76
195 53 23 44
37 86 1 50
93 184 11 75
109 79 1 22
73 154 23 8
23 16 28 65
146 111 9 79
191 131 7 33
143 5 13 79
6 148 11 57
19 80 18 61
113 124 16 45
118 67 23 80
154 63 18 7
2 22 12 66
94 118 29 21
71 194 20 22
125 166 5 40
88 191 1 60
190 95 16 22
124 47 19 62
64 173 8 73
39 137 19 55
154 3 18 46
118 7 17 23
196 195 14 7
46 80 18 33
75 167 14 9
69 182 11 60
89 171 27 15
127 33 29 21
27 41 18 5
171 98 24 27
153 156 23 62
123 41 22 34
177 77 17 15
151 31 21 65
133 33 19 49
91 61 7 4
72 80 24 19
173 68 14 43
37 120 17 21
104 178 16 25
9 48 5 46
92 67 20 21
3 126 28 39
43 14 17 44
187 57 17 46
53 156 4 61
24 120 8 4
61 172 18 44
48 33 1 80
26 130 5 16
45 146 5 73
47 123 17 53
34 68 5 32
59 75 18 27
58 75 4 52
17 175 9 69
81 136 20 59
81 139 27 26
169 111 29 16
118 29 2 55
118 64 7 47
159 80 21 44
154 34 24 75
150 114 28 10
195 188 22 25
67 182 28 60
128 90 26 34
130 11 11 75
143 22 6 21
8 132 12 71
34 196 13 18
90 190 15 5
45 77 16 32
15 29 1 12
41 54 1 25
105 158 15 39
85 142 4 57
111 134 21 6
48 59 25 66
86 42 25 61
24 85 19 74
76 181 27 3
166 120 27 43
84 198 20 4
87 79 6 66
133 159 25 16
125 36 13 65
10 55 11 26
196 9 23 62
155 121 22 41
61 171 10 2
66 67 4 75
199 17 4 10
152 127 21 45
57 137 22 73
150 116 25 52
161 148 23 20
108 166 15 71
24 109 23 20
69 139 27 66
3 93 19 8
168 93 15 37
75 162 10 1
49 122 5 51
54 147 8 52
79 80 8 35
85 94 29 75
91 32 9 67
188 171 2 4
71 89 3 64
181 166 14 48
5 145 2 15
180 185 24 54
131 162 2 71
180 79 2 46
126 138 2 36
177 170 25 54
163 21 28 54
45 62 13 80
64 128 27 32
84 124 29 66
81 55 26 74
183 72 3 5
180 120 10 15
132 67 9 22
174 198 23 63
108 154 11 40
163 56 17 46
76 188 16 80
34 175 10 51
68 72 3 24
150 19 19 27
83 29 1 60
182 111 23 51
146 169 10 64
157 88 26 65
36 59 24 40
107 146 6 44
181 136 24 46
115 179 27 63
96 17 3 65
188 150 26 59
38 27 13 48
56 25 28 34
86 102 6 18
183 63 19 76
136 143 6 49
13 87 27 53
73 111 23 59
7 83 28 29
170 137 19 64
186 138 17 39
112 16 14 23
53 135 9 27
118 166 8 9
98 104 6 52
54 150 19 3
17 87 7 66
92 99 1 40
197 44 16 25
172 182 16 61
100 169 14 33
46 133 13 76
179 197 1 20
17 198 18 66
72 10 27 35
29 168 8 80
55 63 9 49
160 179 26 62

0 93 54
1 130 9
2 82 55
3 8 58
4 48 3
5 80 44
6 72 25
7 88 57
8 53 27
9 62 41
10 37 1
11 196 56
12 16 10
13 154 52
14 173 45
15 18 23
16 88 22
17 90 25
18 16 56
19 29 13
20 121 49
21 11 42
22 5 0
23 195 52
24 24 43
25 22 4
26 148 21
27 181 8
28 186 9
29 149 6
30 178 56
31 146 36
32 125 0
33 171 40
34 113 9
35 148 8
36 197 52
37 97 53
38 30 6
39 58 32
40 137 33
41 185 38
42 193 5
43 156 16
44 59 50
45 119 41
46 81 21
47 74 14
48 68 48
49 75 54
50 173 14
51 181 32
52 166 35
53 137 33
54 172 48
55 187 23
56 95 18
57 145 58
58 6 5
59 152 45
60 85 42
61 168 24
62 120 24
63 176 31
64 60 3
65 116 39
66 68 22
67 142 31
68 98 31
69 76 31
70 54 5
71 193 15
72 92 1
73 102 42
74 193 32
75 65 49
76 126 12
77 46 29
78 71 48
79 62 22
80 7 1
81 54 52
82 69 22
83 73 23
84 122 4
85 104 21
86 6 55
87 177 2
88 70 3
89 70 13
90 163 18
91 152 6
92 71 50
93 51 31
94 17 50
95 163 10
96 59 49
97 87 15
98 186 42
99 46 18
