300 1200 150

2000

177 234 25 81
214 196 13 53
162 203 9 87
130 205 17 31
127 147 27 110
58 105 19 6
161 152 7 92
124 60 22 73
189 249 29 52
263 260 23 164
125 116 20 148
168 271 22 2
29 183 29 187
184 65 27 149
60 250 29 117
92 91 26 9
209 47 18 168
217 299 13 1
124 293 6 26
228 131 24 59
170 254 25 58
106 238 17 159
180 245 19 138
61 296 8 12
44 29 27 116
62 45 5 155
174 139 6 122
213 166 4 98
224 296 13 155
244 11 9 2
287 228 12 197
275 6 14 25
292 148 18 46
169 139 16 160
68 262 3 122
114 82 6 166
73 36 3 64
136 284 9 100
266 232 11 29
282 206 23 104
74 3 6 7
284 240 8 98
54 49 28 147
265 11 14 65
10 274 28 200
194 280 15 95
292 161 18 138
230 271 20 152
98 95 10 16
285 37 28 32
195 261 17 150
232 74 19 74
54 183 13 11
68 16 5 74
291 130 14 92
171 138 12 163
124 203 4 151
121 174 13 41
181 261 25 81
20 119 2 121
76 279 5 145
140 231 9 140
41 291 21 91
60 263 11 136
231 177 17 62
12 218 23 23
182 226 29 126
136 213 14 86
131 49 3 178
32 222 27 15
175 41 19 103
58 161 17 159
289 177 20 92
245 229 25 153
91 203 7 131
26 85 25 129
297 190 21 158
166 9 0 34
213 80 0 192
93 4 19 169
280 236 1 184
114 189 23 159
52 249 12 82
100 118 3 26
68 137 27 62
202 102 15 181
227 283 23 158
297 89 22 180
113 94 23 52
245 103 8 49
132 292 5 122
144 221 1 170
228 235 28 64
6 240 11 56
173 167 26 162
269 4 21 25
180 30 10 135
271 38 19 47
217 267 28 99
8 194 28 167
247 100 27 173
108 145 28 107
298 224 29 34
251 60 18 56
292 33 3 9
28 180 14 161
277 254 6 93
184 192 16 74
280 159 6 166
114 102 28 166
67 80 1 136
249 190 23 2
215 98 29 114
251 105 10 47
169 3 15 112
266 264 12 164
134 208 6 145
226 218 12 113
96 246 27 194
272 53 24 109
3 162 6 122
150 86 29 73
205 139 2 100
280 77 5 123
74 257 14 152
157 290 7 44
257 64 13 34
204 34 3 107
225 33 7 105
199 15 22 63
117 129 12 65
160 227 4 89
112 115 24 121
82 73 14 72
142 87 22 46
161 205 8 106
241 30 23 199
83 275 8 186
120 111 19 151
108 236 9 148
252 41 23 94
287 212 11 187
126 42 25 24
162 297 15 68
194 141 4 108
182 106 12 24
220 233 16 94
29 278 22 166
13 24 18 102
154 179 14 134
74 130 16 87
64 31 6 199
250 267 0 200
84 142 20 115
139 216 19 102
98 217 6 62
137 271 1 81
240 265 17 138
102 26 25 26
296 286 25 61
59 180 15 76
113 169 26 137
154 88 29 80
193 82 12 67
18 256 17 62
269 122 8 173
114 43 23 27
151 130 9 125
126 259 20 134
60 167 18 92
29 252 29 162
228 216 9 63
137 295 10 15
169 292 19 161
266 240 16 177
32 93 29 47
7 225 9 175
222 9 22 58
79 249 4 86
256 229 1 81
94 45 25 3
4 136 18 134
278 106 7 107
157 96 8 147
37 96 7 32
18 116 10 175
198 250 5 30
14 243 12 9
206 109 21 142
185 153 17 182
29 277 3 13
294 234 18 75
264 94 24 92
16 63 3 5
188 271 13 40
57 247 4 122
13 222 27 186
12 232 5 157
68 90 22 160
273 192 14 173
50 271 13 75
176 104 24 111
218 130 11 47
270 232 22 160
115 119 17 77
156 84 29 28
284 217 26 60
14 192 8 114
142 6 1 20
64 30 6 189
241 45 21 116
88 67 4 65
89 158 7 119
231 217 0 4
38 228 12 89
86 283 7 185
108 75 14 166
63 253 23 13
6 273 22 83
285 213 18 39
16 243 23 170
295 68 19 44
134 250 16 65
8 126 26 76
147 54 26 27
274 7 15 155
172 130 20 77
179 180 6 161
210 214 10 170
211 142 26 43
19 180 3 24
53 72 4 23
230 208 20 24
134 172 23 140
166 224 7 138
111 10 28 200
164 25 13 111
259 185 14 79
174 75 16 174
299 135 0 83
212 25 15 199
213 121 13 55
118 31 6 35
106 225 29 98
164 198 2 146
35 67 28 50
73 31 2 11
143 285 21 23
281 96 5 152
100 50 20 68
187 62 26 63
72 148 16 127
295 125 27 41
197 259 14 45
290 195 8 177
284 186 13 16
232 245 27 40
115 222 18 35
247 177 11 54
287 252 10 105
52 159 16 47
297 158 23 183
77 215 29 49
86 166 6 13
178 4 28 56
102 140 13 200
133 100 13 115
194 287 16 99
152 249 4 148
149 240 20 49
271 186 1 100
251 231 5 189
74 80 2 21
141 224 3 146
28 42 26 61
199 11 7 43
183 265 3 122
70 180 28 117
105 53 28 176
262 260 18 79
71 54 9 141
1 50 20 65
280 279 12 86
90 27 13 42
90 235 11 71
83 27 7 129
45 54 15 79
8 178 12 93
138 101 13 41
262 111 2 85
298 116 15 164
224 84 11 72
105 45 22 180
221 212 23 166
243 60 29 95
284 155 23 37
142 189 10 137
107 274 26 69
146 80 2 96
105 137 7 45
119 181 16 88
292 107 17 43
74 260 20 65
95 205 16 193
233 187 14 60
65 152 24 154
79 67 13 130
36 158 20 73
149 222 21 157
139 233 1 114
7 148 7 148
252 288 21 7
155 218 18 164
167 67 10 44
177 229 26 169
233 163 28 107
34 141 22 65
50 252 2 1
198 275 2 26
240 38 0 167
145 170 15 119
222 293 18 11
210 251 3 71
186 9 11 68
271 41 4 45
254 107 21 161
230 154 7 65
83 9 12 163
127 159 21 54
277 42 14 166
203 140 2 146
220 3 26 180
279 50 11 81
19 283 28 26
275 192 8 18
180 225 20 17
216 230 17 113
89 272 15 191
11 37 19 155
210 294 25 3
203 129 2 181
120 278 28 124
30 57 12 157
39 56 22 195
121 54 29 127
186 121 3 100
4 240 26 50
62 241 11 1
147 193 9 1
74 203 5 127
215 149 15 10
242 188 15 191
137 132 29 50
39 104 23 182
118 79 24 31
196 284 16 173
134 126 18 20
4 78 6 170
241 293 28 153
174 148 23 174
85 59 9 184
56 182 3 157
142 10 25 89
169 239 25 89
217 136 21 135
275 36 9 62
109 8 1 121
66 109 18 15
45 123 13 154
259 58 14 120
288 48 12 97
281 103 12 187
299 128 0 66
59 20 14 147
147 242 9 163
84 54 12 124
152 76 8 40
169 148 2 1
195 109 4 120
103 215 27 44
13 233 20 117
199 18 11 73
234 140 4 87
8 147 27 43
298 199 10 106
289 148 5 62
92 297 15 3
184 291 12 171
82 211 5 144
184 199 26 24
278 205 22 149
119 160 19 85
268 31 14 199
89 263 19 8
194 17 17 149
43 132 5 18
183 283 2 58
205 38 17 119
244 37 12 29
77 46 0 2
270 77 26 161
249 44 27 143
282 196 21 13
109 140 13 103
19 268 18 156
231 227 28 16
288 65 19 190
245 168 12 114
267 263 7 78
94 220 19 43
219 94 16 2
149 138 24 115
251 107 17 22
169 167 0 73
185 208 7 49
163 34 12 108
116 283 27 95
48 129 28 19
130 31 6 77
8 55 13 78
163 74 19 160
168 37 3 123
108 286 17 79
77 165 0 82
29 193 22 76
282 57 29 184
31 188 12 118
2 33 10 120
62 171 16 58
83 293 11 61
148 143 15 101
141 156 19 194
109 3 13 36
173 236 10 59
225 208 12 61
154 159 10 105
149 25 2 91
11 71 24 161
290 220 11 94
15 220 24 45
284 91 29 113
168 204 27 162
76 60 2 90
129 198 23 200
11 161 26 93
192 120 14 93
273 216 5 121
268 39 8 171
239 296 8 161
28 283 20 85
138 279 8 12
130 93 3 110
97 130 24 142
165 263 29 98
166 32 25 165
275 283 18 11
150 251 27 21
199 153 4 90
174 187 4 33
87 174 3 45
267 74 7 38
293 223 9 88
31 294 5 28
46 38 0 148
42 124 19 137
149 166 21 47
110 29 6 148
5 170 26 181
113 278 23 57
18 50 11 138
281 34 12 161
17 0 12 9
23 119 23 175
163 288 23 136
212 37 5 84
18 13 18 74
159 199 4 115
101 130 27 195
25 292 9 182
6 145 5 151
28 207 17 15
75 91 16 68
237 231 18 128
118 282 8 188
5 295 25 116
116 218 4 4
0 231 19 35
275 289 6 87
113 242 23 66
76 47 19 148
223 214 12 16
30 166 22 83
299 216 11 74
12 71 7 132
148 101 25 145
11 288 9 56
250 33 21 183
62 232 0 142
127 280 27 125
108 54 27 144
143 118 8 19
149 210 2 69
58 177 26 98
265 158 27 141
174 65 13 158
66 115 16 8
186 77 0 72
110 121 22 120
204 154 8 21
165 237 15 158
268 212 0 14
280 58 6 180
51 158 23 9
60 25 22 161
104 210 4 181
96 292 26 32
278 263 12 49
207 295 5 41
196 206 13 134
247 279 12 182
236 118 24 200
187 21 21 191
256 36 20 113
170 61 8 191
208 107 5 38
54 236 26 46
218 229 6 23
26 173 1 5
93 144 2 124
140 153 8 4
55 210 21 171
152 127 9 79
79 262 2 195
210 237 21 156
51 92 1 52
64 221 7 151
127 249 14 68
34 260 18 22
52 204 21 92
149 286 5 94
214 174 3 97
173 5 7 4
47 87 11 196
266 230 12 117
182 255 18 98
246 15 15 191
208 163 21 52
297 59 12 125
46 277 13 56
92 104 18 78
5 19 13 94
196 72 10 15
245 264 23 76
172 245 2 141
55 13 19 195
190 229 26 75
215 242 26 56
14 99 15 18
294 267 13 27
4 244 9 76
273 92 10 171
67 178 19 88
100 193 26 200
5 144 21 106
292 247 14 45
48 151 16 192
60 246 15 174
119 189 29 194
123 218 4 36
112 237 4 49
28 88 5 178
96 295 17 49
239 188 11 95
77 258 4 129
47 269 5 180
265 126 26 6
236 27 6 199
281 244 20 73
49 211 1 164
243 245 25 29
55 3 29 159
268 104 28 194
25 51 27 179
191 79 11 77
266 108 4 79
208 54 19 5
290 293 24 99
198 139 28 15
4 122 9 15
293 243 23 115
273 83 8 116
88 192 11 197
260 207 29 145
69 293 14 93
193 62 20 8
76 49 29 72
219 241 28 62
68 148 7 29
1 162 17 62
202 232 14 72
136 242 12 167
24 245 20 98
67 146 11 9
115 135 25 111
194 30 4 100
26 211 19 87
84 152 19 18
120 17 1 149
237 230 22 72
82 48 21 59
21 244 23 153
194 72 11 52
126 27 3 154
281 11 26 17
230 189 1 111
287 117 6 189
243 131 28 148
29 89 0 161
29 127 22 79
61 30 19 45
106 0 2 99
214 97 2 80
109 228 14 122
293 19 12 199
1 296 27 7
243 197 21 65
237 35 8 182
118 56 23 107
83 26 10 198
157 71 11 154
263 227 23 164
118 10 11 90
150 234 17 54
171 99 2 52
225 132 3 179
65 74 27 154
118 23 0 132
216 10 7 143
188 61 29 138
252 123 26 189
28 15 23 181
242 137 26 64
169 243 12 150
52 102 25 64
117 271 8 117
72 132 25 83
78 223 2 180
237 177 2 145
18 71 25 66
0 181 15 151
183 7 10 161
217 252 7 164
116 28 5 145
112 209 4 79
69 234 0 106
156 80 23 103
215 0 0 38
55 1 20 49
46 66 28 116
216 11 21 174
105 136 29 47
264 141 20 130
226 292 7 69
138 169 3 62
247 220 0 33
158 64 12 119
270 14 16 89
50 167 24 173
210 54 0 96
104 229 20 125
240 283 16 165
189 182 27 79
231 298 3 58
242 270 23 177
96 121 14 94
34 107 24 98
46 222 3 3
85 271 24 175
263 33 15 161
295 56 13 170
250 114 26 97
214 18 19 166
123 181 12 19
188 85 9 108
126 96 0 57
238 169 18 121
144 296 19 2
20 196 25 6
44 132 29 7
26 106 25 151
47 296 21 97
84 220 18 20
289 179 1 185
203 17 15 187
94 63 22 103
34 0 20 148
153 132 5 188
178 133 3 155
25 188 21 32
35 228 21 42
71 61 15 188
5 81 28 124
49 149 2 57
195 170 14 51
242 42 10 143
247 60 11 123
276 160 8 31
232 61 14 173
68 145 20 42
107 287 21 77
242 280 14 159
199 236 24 92
38 238 16 185
152 81 12 126
144 64 17 182
80 100 20 101
137 248 2 162
185 65 1 109
0 67 18 18
152 268 18 38
30 248 4 33
62 57 22 61
142 200 4 111
89 291 17 139
197 4 16 173
96 74 21 77
79 102 17 178
112 93 14 82
33 48 4 48
52 180 6 144
0 20 18 184
258 83 6 127
97 30 7 170
39 105 18 28
195 225 21 158
274 75 27 71
159 226 19 198
10 279 6 118
21 188 18 73
120 89 7 56
211 190 25 26
258 284 4 35
61 260 18 86
251 174 27 46
80 59 9 90
72 240 18 184
226 220 21 27
225 283 22 111
109 101 2 52
209 2 28 25
148 247 5 132
162 286 13 71
133 265 16 140
283 120 11 197
173 244 15 133
168 46 20 3
159 289 20 1
61 47 24 151
93 7 20 101
7 271 13 65
77 50 23 6
198 144 23 6
41 140 26 88
53 19 15 197
83 204 21 200
25 39 12 21
290 242 23 44
130 253 5 141
172 168 2 181
85 199 24 82
142 4 26 28
165 177 14 117
271 136 27 114
58 203 25 138
97 5 23 151
88 156 2 34
103 121 27 140
25 68 23 154
213 13 26 128
231 159 5 42
275 267 16 87
62 153 13 191
134 132 8 118
228 236 29 28
230 124 28 74
190 8 1 58
119 272 23 108
296 244 21 185
282 65 2 111
212 94 18 9
40 149 15 22
291 164 8 153
34 19 17 66
257 23 14 115
192 21 11 93
112 20 21 99
69 171 17 159
110 154 29 196
296 158 29 61
222 294 4 148
84 153 15 93
239 98 13 107
101 171 26 51
185 121 14 200
93 135 25 15
154 101 9 180
220 95 23 108
218 90 22 109
144 125 18 106
44 124 25 108
185 230 25 118
131 225 15 127
95 26 23 125
293 88 4 56
147 121 4 148
147 271 24 52
298 9 19 19
287 118 18 172
70 109 19 198
137 198 1 136
202 123 23 139
107 91 5 103
95 35 6 70
245 86 26 137
49 18 27 79
222 83 27 5
202 28 23 91
25 32 6 195
196 211 8 167
184 113 28 19
138 178 6 153
256 202 6 12
287 174 11 167
231 120 3 158
246 216 15 29
253 8 17 160
175 14 17 91
143 78 21 147
33 65 20 148
20 116 9 101
22 109 15 57
275 113 8 135
22 9 3 12
150 66 26 63
192 299 0 21
14 104 16 79
60 285 2 105
152 143 25 116
183 23 23 30
246 41 17 152
202 182 2 72
216 201 5 56
87 138 5 167
287 128 28 191
150 166 27 135
69 260 17 49
54 27 18 94
7 104 20 9
210 184 9 169
50 234 14 139
252 112 11 104
63 149 4 75
189 147 11 86
291 198 2 172
235 105 19 58
160 231 16 122
225 138 1 104
126 176 20 129
267 45 18 40
10 121 3 3
215 268 24 69
274 115 17 78
117 250 0 128
171 270 0 123
244 177 18 99
82 96 23 120
263 29 2 15
32 56 21 199
85 18 20 62
210 288 10 69
109 26 10 145
81 28 20 92
187 237 6 52
199 185 11 162
25 134 1 69
168 255 28 199
179 53 24 40
262 291 9 3
272 40 20 182
66 270 13 157
158 165 5 153
89 228 13 181
93 103 28 74
200 214 27 59
25 273 25 115
296 284 22 46
219 105 10 174
206 83 23 31
145 213 9 196
226 22 21 55
163 97 10 81
269 279 12 18
271 291 4 187
111 187 9 109
177 191 10 149
55 139 15 176
284 35 29 88
114 13 21 13
81 144 11 63
66 79 10 66
120 76 2 107
118 58 1 179
70 237 20 34
188 124 29 85
117 127 1 123
226 231 16 173
55 50 14 60
217 60 19 39
0 142 26 181
9 212 4 183
71 114 24 34
290 14 19 84
73 229 24 148
248 231 11 143
194 116 23 193
181 36 24 1
218 161 19 96
198 80 15 66
113 186 3 197
298 79 1 19
127 260 24 67
235 288 1 37
116 72 0 141
178 41 5 119
226 70 0 100
35 210 4 44
34 153 19 101
115 45 19 114
39 240 11 103
96 92 27 172
87 52 18 9
289 21 1 1
120 203 0 34
131 98 21 172
293 46 9 175
133 15 0 34
77 289 10 177
205 146 6 79
251 286 13 157
57 6 4 1
109 30 11 194
223 260 24 50
283 164 8 110
45 144 0 179
22 55 5 129
29 106 21 156
290 4 7 136
86 7 8 141
144 17 5 131
274 188 26 16
250 68 9 120
70 2 23 164
65 22 0 190
233 240 9 115
42 168 14 154
77 20 8 117
289 230 13 190
80 26 4 116
138 240 2 141
140 36 23 7
48 115 27 169
125 68 7 41
131 12 9 53
92 237 0 69
57 137 9 71
110 233 18 178
74 201 29 95
285 59 11 124
299 19 8 124
145 177 17 180
250 197 0 166
255 147 16 27
79 167 20 125
186 266 4 139
104 286 14 113
117 29 23 119
171 187 15 137
116 77 19 96
224 198 11 34
271 102 4 128
150 216 4 14
176 91 16 139
134 294 1 190
121 169 25 169
16 93 0 51
225 25 28 105
12 44 10 156
29 159 12 25
205 219 1 116
137 194 0 158
78 20 20 186
232 222 24 58
244 90 20 199
11 49 21 57
277 205 15 83
126 189 20 187
140 219 5 25
73 37 19 102
67 190 6 6
265 287 16 153
119 172 19 166
173 268 11 105
288 270 12 23
57 52 10 71
14 21 4 60
74 79 17 186
180 201 26 193
174 285 8 135
252 136 19 192
206 51 16 8
43 103 1 104
8 186 0 188
14 113 23 177
195 24 28 141
19 233 16 199
89 201 29 113
227 147 19 122
184 22 11 161
144 21 23 119
213 141 23 109
133 91 21 22
250 275 18 6
17 53 18 43
42 177 22 34
4 85 10 85
99 74 22 14
5 92 23 149
260 93 18 37
239 261 12 190
247 36 8 118
132 4 14 74
178 210 10 35
207 195 19 93
202 283 12 36
205 231 4 72
83 32 0 90
261 211 25 79
258 246 9 5
152 46 16 156
150 219 16 143
267 265 22 171
179 105 2 191
12 187 1 44
114 29 7 94
136 184 5 172
231 109 16 165
231 274 15 164
249 122 4 5
82 147 5 160
202 54 22 94
193 81 18 33
184 216 27 49
23 296 11 124
213 295 0 6
245 155 17 41
271 159 8 158
102 251 26 149
233 60 1 41
128 63 3 192
285 108 0 130
135 119 24 195
151 70 6 62
284 55 9 151
102 245 1 164
124 112 8 39
213 65 14 120
261 236 15 168
257 157 1 31
185 9 29 48
290 56 7 164
110 99 13 88
299 193 9 22
121 47 26 7
234 231 9 67
93 272 15 96
245 66 27 154
251 227 19 34
294 276 13 82
223 226 1 8
64 87 6 33
48 201 15 80
256 185 5 111
160 84 1 101
261 134 5 144
178 150 9 61
108 86 28 150
155 267 10 107
137 124 1 196
225 59 10 174
133 160 15 52
243 277 26 64
154 201 29 10
158 29 3 40
265 148 4 63
242 138 17 57
191 111 20 119
23 29 2 152
199 3 5 35
177 112 11 98
182 247 11 56
176 264 11 20
140 95 29 142
80 39 16 73
9 94 4 129
243 135 5 184
73 128 5 156
54 61 17 186
256 13 24 73
47 271 8 24
54 287 4 130
230 87 6 76
251 12 13 51
111 85 11 179
12 214 3 6
166 49 6 122
189 237 1 78
48 214 7 117
205 121 20 164
143 244 9 193
26 273 19 61
54 267 5 123
22 137 7 97
230 214 10 167
211 29 5 78
14 173 10 171
239 155 27 67
3 91 9 129
81 281 1 62
53 222 29 40
286 241 14 102
257 177 0 163
293 191 2 138
77 145 23 97
76 83 19 56
87 257 29 59
48 276 24 46
90 32 25 98
65 234 7 181
23 75 12 158
55 129 4 145
65 272 6 47
250 295 8 107
230 84 29 200
299 94 18 31
4 202 20 167
297 224 11 53
297 26 26 71
293 245 16 12
199 83 4 151
239 17 21 147
100 170 2 144
187 271 5 158
231 184 28 98
169 51 20 95
206 232 5 63
1 41 20 24
234 137 6 137
5 299 28 155
24 21 15 77
127 125 26 80
131 140 8 189
59 138 8 45
23 137 10 193
140 228 16 179
130 154 10 77
261 43 9 96
285 238 3 144
108 19 2 102
6 292 12 6
126 43 8 195
96 170 11 55
20 21 6 95
226 79 2 158
104 179 27 168
52 41 20 138
39 158 27 17
189 156 6 72
233 121 10 30
23 209 13 200
104 30 19 58
78 68 26 163
73 270 17 26
149 51 29 92
285 140 2 8
95 172 12 60
35 247 4 48
291 123 5 88
51 141 3 187
119 281 27 199
65 9 10 28

0 158 35
1 78 21
2 48 45
3 198 34
4 291 19
5 274 27
6 132 55
7 190 8
8 212 2
9 208 19
10 289 45
11 5 49
12 149 18
13 225 3
14 92 11
15 228 58
16 64 47
17 286 26
18 243 8
19 116 24
20 292 21
21 120 2
22 33 59
23 183 49
24 28 52
25 223 52
26 233 20
27 196 3
28 159 36
29 61 55
30 23 8
31 22 21
32 181 23
33 56 39
34 226 14
35 139 52
36 227 51
37 213 25
38 65 38
39 201 3
40 287 12
41 264 7
42 283 50
43 81 8
44 235 26
45 25 35
46 276 24
47 271 26
48 191 5
49 230 24
50 161 1
51 79 14
52 253 45
53 40 41
54 113 15
55 129 58
56 57 12
57 94 12
58 280 13
59 29 10
60 269 33
61 74 47
62 32 26
63 55 9
64 157 0
65 217 24
66 86 41
67 75 8
68 261 48
69 126 4
70 124 0
71 272 32
72 160 8
73 263 32
74 281 32
75 220 34
76 229 34
77 73 16
78 163 57
79 167 2
80 51 21
81 206 26
82 90 11
83 273 18
84 188 26
85 242 46
86 58 33
87 194 16
88 8 22
89 99 39
90 125 47
91 60 37
92 123 42
93 62 29
94 192 8
95 96 22
96 136 49
97 204 7
98 128 48
99 298 2
100 249 32
101 152 0
102 54 25
103 138 54
104 268 26
105 31 49
106 87 32
107 21 9
108 93 33
109 109 43
110 130 42
111 288 36
112 39 15
113 105 3
114 142 45
115 186 0
116 85 47
117 200 50
118 143 44
119 277 58
120 117 37
121 72 21
122 203 52
123 19 36
124 102 34
125 176 14
126 244 48
127 255 59
128 211 40
129 259 52
130 59 5
131 114 23
132 34 46
133 189 10
134 193 47
135 178 55
136 270 40
137 262 42
138 4 47
139 285 29
140 91 16
141 166 53
142 100 8
143 26 4
144 146 37
145 37 4
146 241 29
147 27 7
148 17 37
149 232 43
