499 2994 249

2000

205 333 29 80
46 323 0 95
247 454 17 173
32 493 16 181
32 450 5 196
205 357 11 47
423 188 4 55
447 448 24 98
425 52 5 196
276 165 26 182
116 475 2 21
245 231 19 142
183 1 11 1
450 178 10 187
401 180 27 33
478 348 25 161
40 17 14 131
278 254 23 1
51 406 11 19
487 451 7 173
352 115 2 173
20 278 6 24
388 271 29 4
254 270 2 35
290 44 24 70
338 270 20 64
475 12 0 37
85 221 11 67
23 384 29 192
149 485 23 92
469 82 1 56
134 177 25 87
70 494 11 92
476 23 5 132
469 434 10 45
427 71 18 200
495 109 4 139
309 259 22 137
47 114 20 70
378 166 21 30
91 112 15 173
284 454 20 173
93 367 5 3
476 494 29 186
226 138 14 149
209 188 20 119
175 248 17 21
313 462 14 86
213 183 1 50
251 301 10 65
390 49 16 165
95 284 9 123
317 201 2 158
288 325 10 173
223 245 1 77
169 422 13 25
450 213 16 18
434 98 3 2
60 263 2 117
210 193 6 18
25 74 19 94
222 21 17 147
214 82 10 71
406 33 29 159
302 415 26 173
459 175 18 87
115 175 24 139
318 439 13 24
88 79 8 182
253 402 12 184
279 419 19 115
75 90 17 40
221 283 8 185
329 370 16 79
165 302 22 179
38 357 13 15
418 409 14 126
466 279 5 8
240 201 25 51
296 308 27 31
438 479 0 64
484 318 3 162
157 232 2 200
466 417 27 53
177 212 5 135
233 255 1 48
247 466 23 111
241 87 12 70
426 124 1 21
29 460 22 104
291 293 7 157
2 493 13 40
151 228 27 10
257 260 29 15
128 268 25 87
249 447 16 7
87 214 24 65
148 452 16 49
87 137 28 66
215 410 16 40
184 302 10 39
373 334 12 116
260 21 6 123
125 20 9 89
370 272 0 122
158 387 15 38
442 272 4 127
308 436 19 118
332 305 8 86
378 295 6 129
67 328 5 75
467 42 4 28
442 16 7 65
4 302 0 13
473 234 27 124
282 115 4 32
368 298 12 200
199 399 10 29
184 324 10 183
177 196 6 136
344 21 29 118
429 12 27 183
5 417 21 153
98 433 0 48
441 205 21 179
395 18 11 56
462 333 16 71
279 109 26 125
336 56 23 186
473 438 3 53
410 411 3 94
16 321 2 188
84 307 23 168
486 125 28 114
298 371 24 43
100 12 8 3
55 82 16 91
306 114 27 61
111 328 0 11
259 316 6 150
40 77 25 200
458 144 23 43
137 315 18 19
426 417 0 146
352 87 8 3
61 181 11 81
74 307 19 16
347 68 15 20
101 18 28 81
426 103 16 179
467 69 14 168
179 277 27 162
459 250 10 72
168 389 16 112
312 182 10 134
265 332 0 160
105 320 22 109
301 474 12 27
328 227 12 176
404 319 0 123
488 278 13 36
20 267 5 25
389 143 25 75
458 476 15 57
437 205 8 123
460 340 14 185
470 244 22 108
449 383 18 37
98 236 11 142
143 283 0 22
78 76 14 97
6 478 1 198
32 83 11 82
241 58 11 22
358 102 0 149
456 84 27 41
161 216 3 158
189 184 29 102
200 58 9 174
114 256 9 41
199 392 7 60
280 96 11 170
337 473 16 129
32 476 6 37
428 3 9 131
277 325 25 65
457 191 28 164
121 4 9 169
299 97 7 80
11 361 10 30
300 391 6 98
244 395 4 195
35 238 14 159
488 4 21 7
431 439 29 169
327 193 13 134
72 353 29 14
162 44 16 64
350 81 26 183
293 448 5 49
325 92 21 121
200 460 8 192
86 290 24 47
332 405 6 56
135 344 16 14
426 269 21 170
473 128 20 96
342 189 13 169
360 262 26 113
89 212 11 52
427 93 1 197
31 495 5 15
323 112 29 184
296 442 25 75
204 310 8 132
186 443 19 17
246 134 12 143
125 218 18 179
14 386 3 107
281 263 23 196
350 391 2 108
223 79 28 74
286 98 10 101
247 483 24 27
302 458 2 140
411 213 1 133
280 73 15 145
73 285 17 45
143 442 18 122
125 301 18 161
347 154 23 162
80 23 10 62
396 340 28 78
14 210 15 11
209 244 26 159
191 78 19 75
341 386 23 43
216 9 25 95
226 1 4 123
367 49 1 18
276 246 24 14
294 494 15 67
498 19 26 181
217 268 1 166
465 368 18 165
173 44 14 100
143 187 1 72
93 493 19 190
69 170 0 188
245 298 1 94
224 375 11 195
365 427 24 63
84 394 14 41
139 357 12 32
197 288 17 17
365 400 22 108
282 296 4 57
323 294 26 181
176 484 24 129
478 400 21 76
477 329 18 64
50 178 14 147
204 237 29 79
94 419 23 195
303 3 24 123
448 97 5 150
358 377 20 95
363 144 20 47
308 231 24 48
308 176 22 69
23 160 15 128
149 144 15 12
234 194 26 76
171 99 4 155
322 442 26 158
289 56 22 150
450 184 24 187
113 130 22 182
228 377 28 181
35 276 2 149
57 465 16 114
171 466 28 83
164 263 2 124
489 309 16 27
325 296 4 23
291 96 1 6
274 401 28 111
214 461 14 95
133 275 28 191
425 478 6 53
30 115 20 154
162 189 14 85
235 370 26 118
470 239 18 93
329 269 16 196
284 289 25 106
38 270 0 74
41 353 16 115
109 297 18 57
134 420 6 92
197 236 2 79
72 2 19 196
273 46 17 174
470 290 0 38
226 293 6 179
89 88 17 188
307 304 2 55
363 7 11 56
437 414 1 162
148 99 5 161
370 154 29 123
462 437 3 44
369 378 0 1
104 287 24 152
243 491 8 158
437 226 16 176
233 286 14 39
382 192 17 37
426 211 25 77
80 147 6 42
15 418 11 158
250 331 17 55
414 235 14 117
241 132 24 158
75 89 20 133
88 51 16 41
298 26 2 146
104 446 12 18
425 0 20 9
253 338 8 73
92 176 6 28
105 352 22 75
57 140 13 25
477 127 13 161
217 315 28 125
252 474 25 116
240 413 27 123
384 495 29 47
423 105 26 34
151 357 6 5
281 104 18 149
67 25 8 57
309 363 19 98
170 89 24 195
107 43 28 36
317 364 3 170
193 71 24 57
342 95 25 116
1 321 0 76
63 92 23 88
393 387 10 100
141 317 13 141
45 133 29 99
471 396 24 120
492 342 28 40
80 241 1 106
223 140 29 14
54 105 10 127
109 22 23 195
151 246 20 192
25 316 26 57
103 362 15 65
168 88 1 32
266 458 22 28
381 308 17 74
299 158 6 37
176 468 9 150
24 444 4 180
271 289 27 62
475 347 8 31
487 210 27 88
146 60 11 93
492 475 18 113
397 166 19 107
243 165 24 109
253 136 29 130
265 319 7 169
191 91 25 135
474 180 18 41
465 174 7 34
334 26 20 58
120 25 29 80
44 449 20 193
175 358 8 122
243 241 24 178
20 316 23 83
409 203 7 163
313 84 12 46
269 408 18 78
240 116 29 29
68 393 18 58
128 302 9 27
195 122 24 130
76 229 14 139
158 218 0 165
115 386 14 143
248 311 4 116
209 305 18 178
228 305 25 104
457 308 0 38
35 99 14 105
475 23 10 95
344 400 16 199
132 167 1 133
479 152 28 125
475 443 1 110
190 390 13 170
12 369 28 42
430 41 3 22
339 205 0 158
11 489 5 27
136 325 0 81
426 420 8 161
167 366 28 66
44 425 28 136
480 462 19 16
471 221 1 10
462 435 24 200
458 129 25 182
399 414 19 107
138 171 11 87
411 390 1 45
131 88 13 91
391 47 7 23
170 478 12 5
477 360 12 182
243 363 27 139
370 304 12 122
255 192 27 112
344 154 14 136
386 452 4 163
441 69 25 192
460 52 9 182
187 441 5 88
339 302 13 112
332 348 10 31
338 343 26 147
273 112 29 18
497 1 5 87
2 126 12 67
32 251 0 189
69 125 20 157
480 127 19 157
241 385 0 193
372 216 23 113
176 35 13 28
405 110 24 39
115 130 13 55
160 118 5 187
436 175 25 158
487 249 10 139
61 72 10 25
427 136 21 169
203 346 24 126
310 63 14 37
495 481 3 85
47 262 20 40
111 8 24 10
434 316 3 162
255 381 12 134
331 496 8 52
178 289 0 31
497 40 2 71
363 62 9 76
144 195 20 83
415 189 25 130
154 212 4 1
299 439 13 153
0 94 18 138
261 254 23 184
177 290 18 173
442 406 2 5
164 162 13 165
183 436 4 85
231 53 1 8
170 22 13 138
102 456 18 74
451 449 10 184
477 464 24 80
131 199 1 175
238 309 29 5
80 119 7 172
341 355 18 113
349 56 12 200
66 182 10 116
255 72 24 56
119 115 0 39
328 275 11 43
419 186 8 28
115 90 16 143
81 372 15 177
158 287 20 180
73 434 14 66
181 464 2 79
242 193 21 172
278 456 16 24
183 238 16 138
466 185 26 5
467 90 9 43
90 110 16 101
58 281 4 57
78 457 5 158
408 53 19 36
57 48 16 159
93 483 10 142
319 60 26 159
275 62 17 125
476 238 13 84
379 353 17 36
132 198 26 188
437 448 18 33
416 4 19 144
136 340 25 120
31 22 1 196
200 77 29 111
487 371 9 136
484 188 22 57
204 151 26 154
402 203 19 75
279 431 12 34
219 125 0 66
460 26 17 197
359 325 3 162
132 356 2 26
76 218 15 144
157 265 4 200
131 206 19 74
407 422 15 6
338 59 11 105
476 348 16 65
125 63 7 150
91 29 16 42
443 449 4 98
28 308 23 125
206 416 8 20
398 385 0 163
80 94 28 112
284 248 21 97
292 115 0 82
382 371 28 199
299 450 17 95
356 364 17 122
300 24 14 12
28 380 12 98
116 253 16 196
260 467 21 180
410 42 1 111
31 352 28 33
444 196 11 182
23 3 6 38
175 123 28 152
235 452 4 26
42 292 9 176
120 236 7 123
285 468 3 60
67 94 2 10
103 58 25 48
79 111 23 178
12 42 0 121
305 129 16 156
375 200 19 146
417 99 19 62
141 425 23 162
356 32 17 79
419 142 12 188
415 225 2 5
248 174 12 102
357 256 10 152
388 37 21 2
380 252 27 52
129 339 14 57
109 255 3 19
458 126 25 75
94 36 7 40
411 484 10 55
184 333 13 37
108 260 9 90
405 377 11 78
318 209 5 56
366 4 27 28
377 85 7 84
181 48 11 59
282 3 9 150
417 7 21 188
317 64 18 87
230 306 15 43
369 431 15 47
348 334 8 66
252 163 29 136
84 254 16 165
64 493 18 57
193 78 2 76
388 375 24 83
262 355 21 180
195 304 9 159
442 455 9 46
249 238 10 86
46 294 17 14
48 455 19 192
485 163 29 62
446 24 11 174
414 159 17 41
298 30 9 192
43 393 24 144
287 90 19 104
150 463 12 192
116 125 6 44
442 196 14 129
42 405 24 64
273 335 29 105
105 41 13 89
216 326 5 119
46 233 8 59
318 205 13 136
236 301 17 108
380 265 1 54
142 485 21 159
263 488 29 140
127 173 6 67
33 413 4 27
119 413 9 169
476 113 5 145
300 354 17 58
459 106 9 100
474 294 17 14
146 204 7 171
133 329 12 181
403 468 19 46
29 115 21 186
390 102 26 73
286 221 10 99
6 107 26 60
353 99 20 187
23 387 11 150
313 147 11 64
241 123 22 110
216 388 20 174
163 68 9 64
96 239 8 17
355 473 3 78
14 234 16 175
1 429 19 148
447 332 28 188
301 322 5 43
377 183 14 99
404 392 12 87
385 315 2 140
180 229 24 25
446 100 0 185
24 35 20 198
402 489 17 96
342 334 8 198
133 19 26 108
394 109 21 38
234 254 7 100
325 49 3 198
65 334 14 98
375 64 3 187
300 293 19 108
459 407 23 78
188 150 22 15
87 233 13 196
474 98 1 199
140 424 25 148
204 472 24 65
12 25 20 28
353 152 22 186
91 111 23 84
339 396 11 12
437 102 24 106
362 289 2 56
146 166 2 84
452 288 15 119
59 77 17 25
360 209 8 127
177 163 29 136
471 479 9 165
412 198 2 31
242 170 12 21
37 235 4 5
325 285 1 123
316 33 25 169
377 173 12 110
329 266 12 177
57 191 18 111
310 160 7 60
212 485 28 127
345 76 12 104
253 372 28 158
255 354 8 12
212 490 20 181
167 108 10 80
323 54 3 165
273 442 4 72
293 47 19 5
441 451 4 61
260 190 23 72
351 155 22 164
265 6 8 196
313 28 11 36
254 326 16 44
279 150 20 4
263 68 14 199
367 444 14 147
456 114 20 120
86 365 11 86
356 133 9 52
230 182 24 30
255 2 7 47
478 373 29 152
152 327 12 95
6 118 21 27
43 420 14 102
112 234 24 5
229 187 2 53
216 44 27 102
486 473 15 172
361 352 7 131
413 176 24 115
241 23 27 52
305 454 29 92
89 328 24 198
47 382 2 110
413 405 0 19
31 204 18 195
88 147 14 117
90 362 7 123
132 25 25 167
121 461 23 63
13 198 3 172
62 335 16 39
296 44 12 133
58 222 10 133
324 132 27 143
477 203 24 192
409 144 6 139
454 88 29 74
386 46 23 85
283 398 11 138
16 51 2 61
327 125 0 74
408 170 19 33
129 83 6 169
141 215 13 193
28 48 25 83
382 391 18 57
139 489 6 100
392 338 4 139
353 410 10 185
351 438 0 35
351 288 27 40
400 392 20 145
148 457 15 122
348 404 29 98
151 428 4 104
252 304 4 94
240 478 19 67
335 433 20 83
42 172 19 98
100 147 27 34
214 331 8 136
468 240 10 173
422 270 28 28
95 492 16 111
345 461 15 135
45 468 9 76
184 156 6 145
158 434 22 124
209 421 27 173
98 372 3 172
484 467 2 160
89 436 28 166
115 394 2 6
8 176 18 196
19 395 27 189
496 29 14 136
44 213 17 88
432 90 15 111
121 211 18 197
77 318 3 57
419 380 29 176
420 171 11 124
40 115 3 14
45 21 12 150
380 424 15 146
173 169 17 94
203 92 24 75
240 138 22 11
381 254 14 108
485 221 18 155
164 270 14 74
234 485 15 197
468 344 8 82
355 35 5 184
194 102 9 169
263 378 21 138
47 89 22 178
79 410 20 17
397 387 14 100
170 151 21 174
317 326 29 177
193 263 25 133
142 465 22 32
337 177 16 111
217 355 27 3
412 308 12 192
334 394 9 98
296 393 13 129
187 126 19 14
234 84 8 118
19 310 12 119
326 153 4 25
281 94 13 103
39 136 24 181
489 283 22 45
395 243 1 69
263 235 15 186
32 208 4 107
52 332 10 199
430 77 27 1
51 77 9 109
179 96 22 19
301 284 10 60
254 45 15 58
316 377 29 61
479 166 27 91
56 459 29 7
190 204 9 14
93 481 9 190
65 378 8 88
130 192 0 135
331 296 14 121
208 345 25 78
475 305 3 151
434 354 16 160
482 274 1 65
61 217 7 57
96 488 26 68
88 372 23 72
93 480 2 2
388 332 1 86
257 125 7 62
181 416 4 10
360 178 21 177
368 94 6 95
10 86 26 128
49 422 12 77
421 57 2 110
413 193 9 110
241 95 6 191
123 495 24 67
110 370 28 175
428 180 18 95
386 262 17 105
28 126 10 127
161 478 24 89
440 252 27 138
285 457 19 114
481 132 17 156
433 203 26 88
399 212 24 140
5 50 28 183
51 303 13 46
61 213 22 26
260 7 14 193
104 263 2 101
361 248 23 58
221 45 13 107
262 245 11 128
72 32 4 49
35 414 22 126
405 452 20 113
188 53 13 20
430 21 21 120
130 279 6 37
29 433 27 1
147 261 21 171
342 312 26 95
411 200 19 47
193 246 13 191
170 93 20 57
210 98 13 187
288 269 8 22
296 98 15 48
483 20 15 140
453 25 11 193
81 339 2 120
466 169 7 18
281 275 25 114
438 58 27 134
297 371 18 139
6 294 12 81
494 221 2 13
421 160 23 167
235 292 14 91
318 489 27 163
63 23 9 197
320 486 13 105
251 349 2 118
355 137 1 13
202 178 17 125
478 401 8 121
367 293 20 135
51 4 24 83
183 200 11 44
277 166 28 164
40 240 24 181
91 101 8 74
425 309 6 84
67 292 7 7
264 19 1 60
17 365 6 80
276 449 3 125
275 68 4 23
182 359 26 90
335 353 29 74
277 478 27 59
11 403 17 98
346 419 18 11
116 420 22 108
105 22 24 178
497 192 20 43
496 299 11 100
96 419 1 139
338 159 17 152
348 494 24 8
327 394 21 122
456 209 25 166
231 111 29 105
170 63 21 30
96 257 25 34
256 19 7 79
482 430 25 132
497 190 25 74
55 446 10 170
367 130 17 5
11 353 10 108
234 232 9 146
58 379 6 14
249 64 20 53
218 319 2 167
89 467 19 177
334 23 16 123
386 274 11 59
432 494 11 18
179 111 5 197
423 249 24 95
387 159 16 101
12 457 8 90
270 219 1 35
295 202 1 79
222 432 25 106
266 119 12 66
1 33 19 59
237 282 5 184
306 261 28 176
119 386 15 92
176 359 12 31
409 57 23 23
361 288 16 164
76 364 9 39
385 40 24 181
293 445 10 131
295 400 28 148
366 229 24 145
257 303 12 49
346 428 18 145
21 465 15 69
330 311 16 47
391 121 19 119
280 401 29 125
229 358 1 107
364 120 14 190
467 232 20 78
158 364 18 196
322 309 7 60
187 193 2 75
182 324 11 19
4 275 6 196
356 430 19 61
442 286 6 3
349 394 23 153
402 234 24 153
142 65 6 82
476 393 21 123
10 100 15 30
108 342 24 200
16 478 19 25
100 270 10 47
199 276 24 144
144 55 20 119
445 378 12 54
34 282 21 22
51 132 20 147
76 197 9 19
465 267 17 55
341 431 4 147
402 427 22 195
117 161 16 151
118 131 17 105
201 44 12 20
66 6 23 167
62 418 6 154
221 460 27 153
343 450 29 150
100 135 7 163
62 209 27 65
138 272 21 35
156 349 19 30
77 41 19 133
225 67 21 168
217 125 29 52
287 322 7 193
22 251 25 40
224 335 15 68
399 150 25 51
250 355 11 84
21 125 9 123
65 358 10 10
480 61 8 67
361 194 26 140
152 198 2 161
23 163 3 88
224 182 4 169
8 365 16 5
428 379 21 161
84 155 18 91
291 301 9 148
423 31 9 142
231 132 29 167
212 298 17 15
185 355 17 46
122 6 26 74
416 161 13 8
290 474 21 177
349 450 12 55
171 115 17 7
86 274 13 41
55 166 29 126
112 386 6 146
459 215 5 130
357 394 23 168
33 149 19 124
114 10 25 157
473 47 15 136
467 84 26 40
150 175 14 24
257 398 29 173
61 89 29 134
213 69 10 16
329 164 5 13
464 52 16 62
40 411 18 89
216 420 14 28
102 386 8 66
293 244 23 101
135 202 19 142
33 411 7 137
38 487 28 84
366 48 10 49
82 278 25 113
423 42 29 108
22 9 3 39
149 181 6 21
397 448 24 193
287 217 9 154
188 405 16 128
45 37 0 142
484 33 25 145
439 277 18 24
358 72 28 181
341 365 28 123
237 43 28 191
205 12 9 36
314 24 27 2
143 128 23 71
306 379 15 17
35 353 14 98
398 423 5 156
476 22 26 39
212 14 7 26
433 226 6 118
123 263 29 113
395 495 26 138
440 342 12 48
402 69 28 119
268 59 24 189
415 442 24 10
387 209 6 47
376 356 13 81
492 363 22 30
456 382 4 87
455 259 8 14
158 285 9 58
432 128 16 24
274 487 27 20
0 460 13 129
360 299 19 149
141 49 21 176
70 432 22 39
91 289 29 52
172 436 10 152
360 96 22 196
423 418 19 188
457 85 14 198
465 189 27 145
123 360 29 168
400 357 13 49
90 73 25 186
400 354 22 52
193 414 6 2
323 64 14 11
8 50 14 110
361 58 15 6
167 492 4 110
204 436 16 86
202 238 7 31
226 272 14 180
411 18 18 57
22 153 11 24
70 141 3 10
139 173 1 107
337 453 18 33
322 350 13 22
17 228 12 196
283 491 3 128
333 158 24 170
157 151 14 172
66 459 17 66
479 370 2 33
206 239 16 90
187 181 14 72
459 138 24 176
297 49 8 137
282 240 2 109
120 422 0 39
260 427 25 37
317 53 12 39
16 162 6 24
317 76 10 189
129 379 29 60
80 380 22 183
255 318 0 193
392 69 15 16
88 117 14 139
10 357 17 22
16 20 10 140
487 86 15 68
296 185 13 159
365 324 0 17
417 98 26 38
208 88 7 168
485 415 24 14
2 323 6 190
125 92 7 93
395 496 29 14
235 435 23 10
144 286 14 64
278 103 0 150
227 217 1 70
68 365 13 123
493 389 15 118
269 479 15 36
160 159 15 35
228 164 5 37
328 74 28 123
345 8 0 118
275 200 0 145
156 437 10 138
159 139 16 87
442 379 12 173
142 141 7 16
380 61 6 21
198 413 22 168
182 157 25 80
151 477 12 56
178 339 18 151
300 442 17 170
38 117 20 56
236 62 7 63
349 436 25 5
347 393 11 81
45 392 14 131
173 387 1 194
188 374 1 116
118 255 18 123
113 149 1 22
16 274 13 101
417 384 24 10
52 191 22 156
138 439 11 53
34 232 26 158
294 428 13 58
24 389 27 65
101 223 26 62
484 469 13 162
49 386 2 50
451 254 18 199
170 388 26 181
385 92 12 118
152 245 7 15
225 95 7 20
145 440 27 16
113 447 26 15
89 448 21 159
319 142 28 179
58 189 9 27
180 322 16 105
296 426 28 13
60 402 1 3
440 434 26 171
167 451 7 154
430 271 20 15
60 184 28 33
434 321 15 55
498 386 6 183
474 103 4 123
328 281 16 104
226 360 23 169
43 2 10 181
344 413 22 84
38 326 9 95
480 118 29 113
385 192 17 184
484 262 10 64
462 478 11 139
453 400 25 129
100 225 6 22
315 126 23 77
85 117 20 167
255 110 22 193
350 257 13 68
0 87 9 174
359 20 20 90
124 98 29 19
163 27 8 143
211 187 24 154
492 387 13 112
32 352 22 143
197 372 14 99
243 116 21 172
41 367 25 6
117 21 17 160
184 88 8 103
277 67 19 59
185 239 7 129
462 426 29 19
195 275 0 38
318 251 2 58
165 266 7 103
27 428 2 118
248 365 5 93
471 262 23 16
384 385 3 52
416 437 26 197
243 475 16 107
207 252 1 16
17 65 27 125
160 441 23 142
402 258 18 43
302 461 5 1
440 483 19 72
140 188 26 69
38 427 26 35
440 236 1 78
344 393 6 121
37 208 24 32
157 109 21 8
488 48 1 70
167 465 12 189
427 169 1 108
70 29 0 79
427 349 21 124
29 486 2 65
59 65 22 69
155 368 10 12
130 261 18 63
342 371 10 27
120 399 10 168
297 119 13 93
126 428 12 154
245 357 25 39
174 44 9 115
498 265 26 111
375 203 7 100
42 20 16 146
271 423 8 123
473 146 10 135
39 5 20 177
301 295 7 113
44 37 26 84
258 468 26 161
250 1 10 85
469 336 19 106
150 311 29 155
479 3 5 91
51 300 11 23
133 365 20 1
376 459 10 134
131 425 27 114
495 471 7 139
460 358 27 131
238 495 28 138
498 355 3 115
92 65 0 69
140 74 26 5
425 90 7 179
112 26 6 90
67 130 4 60
480 65 21 77
231 263 0 86
173 149 15 126
141 239 12 140
353 39 14 167
162 230 22 9
162 432 23 74
131 12 13 1
293 376 21 168
370 263 25 1
276 269 29 139
55 127 29 178
102 485 5 126
432 374 24 66
201 89 10 184
236 183 2 195
455 323 24 157
112 338 8 66
379 46 3 108
239 385 16 9
173 84 0 18
467 45 23 173
117 210 4 101
476 66 23 56
157 49 25 130
124 189 4 145
184 417 0 80
478 203 28 135
491 278 3 147
42 121 9 138
258 457 24 42
397 113 26 175
161 286 11 74
397 218 26 55
306 421 22 168
144 213 26 154
230 439 6 91
229 247 0 108
428 359 27 128
491 409 27 108
270 281 9 54
142 363 8 59
126 147 11 43
74 247 14 96
190 281 17 64
357 179 21 30
159 31 2 136
16 426 0 145
349 290 19 82
269 457 29 126
81 99 4 163
251 364 24 196
302 319 1 29
482 193 12 41
338 437 3 87
374 17 10 106
75 438 8 145
160 446 23 14
328 39 9 154
367 415 5 145
400 181 5 58
126 63 29 106
490 313 2 57
338 225 9 37
288 91 25 46
44 30 1 170
426 360 23 41
122 95 12 163
288 76 4 41
361 165 7 90
332 488 20 47
380 182 10 185
271 436 25 145
236 302 14 200
107 406 1 24
49 5 13 147
356 208 6 10
319 315 6 65
453 238 26 113
267 294 3 30
355 359 18 50
17 301 13 49
484 380 28 119
316 188 14 191
41 472 2 150
263 273 21 7
158 192 26 63
228 244 25 116
85 269 10 50
127 174 10 190
218 343 13 190
52 299 28 24
493 126 21 155
248 73 27 124
462 341 19 185
126 488 3 123
383 434 4 183
441 177 16 61
15 49 1 117
16 101 12 175
412 283 29 74
298 359 10 120
96 371 24 152
451 96 9 91
390 482 3 138
295 341 18 136
461 278 20 197
431 131 8 66
209 250 25 36
63 52 27 35
5 158 15 50
493 408 23 164
122 401 23 52
322 476 2 117
27 170 2 140
318 370 19 91
8 30 10 184
157 15 9 37
11 270 19 80
336 47 26 182
311 370 23 76
285 0 23 110
56 391 26 107
494 245 8 41
262 104 28 159
175 37 23 89
151 388 14 112
209 402 28 121
41 394 17 44
63 188 5 67
188 415 25 2
35 155 16 64
404 106 19 37
420 266 14 100
155 11 4 195
459 339 24 32
182 31 4 166
299 486 23 17
483 321 15 47
484 316 25 135
477 301 7 134
298 406 1 159
19 426 27 146
293 386 14 73
274 73 14 191
341 114 18 58
119 22 25 59
200 470 19 68
376 380 6 193
280 413 0 145
97 112 5 71
80 305 13 92
340 328 1 167
497 182 29 168
324 28 1 65
474 456 29 158
418 436 9 135
345 224 16 163
0 282 8 143
196 344 28 160
324 6 29 53
249 289 18 144
254 243 26 172
97 78 23 16
129 349 22 175
429 493 22 74
382 66 0 30
402 94 4 129
50 404 7 10
184 204 26 81
182 264 20 159
199 325 20 167
184 251 19 85
103 32 5 85
263 341 13 103
29 406 18 130
304 75 18 31
432 492 4 32
359 439 10 80
55 428 23 52
397 91 11 83
304 115 11 90
339 286 20 74
422 218 20 158
16 146 10 176
86 213 9 188
402 291 7 71
107 101 6 97
464 323 3 177
242 155 20 79
95 490 27 184
437 14 25 69
162 384 22 78
14 469 24 93
330 477 13 181
283 435 12 189
317 365 9 191
443 446 25 111
414 344 18 152
408 494 19 112
458 190 13 15
233 410 7 148
61 450 20 1
493 240 24 72
451 98 15 126
89 161 21 199
417 30 2 178
488 408 22 134
353 91 23 109
83 68 7 152
247 291 28 4
135 201 19 59
101 365 2 157
6 18 4 193
290 28 9 71
317 49 15 72
364 415 1 128
385 349 20 130
443 47 22 4
421 387 2 117
232 141 17 109
342 286 26 28
288 449 8 54
183 257 12 60
406 284 19 14
278 47 8 169
272 393 2 195
382 412 18 47
380 31 5 181
63 112 18 8
399 204 24 191
26 253 22 196
299 118 6 193
54 163 2 117
88 138 15 17
369 436 20 39
313 269 29 53
117 188 4 62
16 495 26 194
270 141 16 104
97 134 18 33
151 416 19 150
481 217 9 52
47 337 2 183
36 388 19 181
271 90 25 13
425 159 25 120
326 233 3 166
85 12 6 12
165 236 23 77
113 30 23 62
234 202 21 62
284 217 14 102
111 271 1 182
322 160 21 168
418 392 22 32
420 209 15 15
388 125 7 165
7 286 19 118
421 300 23 136
221 423 8 6
159 58 24 146
39 466 21 36
82 351 6 112
207 374 10 147
388 94 27 38
361 383 22 110
489 331 0 50
79 174 8 191
449 419 19 194
202 402 15 4
357 70 19 18
265 421 5 77
481 239 6 198
192 179 11 47
345 46 25 191
436 146 9 148
255 208 17 197
51 264 23 24
87 494 19 122
366 242 11 53
20 374 7 23
442 45 12 145
37 11 0 164
450 403 20 83
193 281 28 125
332 344 23 97
496 152 10 40
60 68 10 189
216 71 25 136
335 360 12 155
467 380 13 196
227 14 5 117
238 255 18 128
408 438 13 95
339 326 23 75
169 302 10 35
142 321 26 16
34 341 9 102
407 232 16 102
475 47 0 66
393 166 18 80
78 185 13 58
63 54 12 53
127 352 21 113
230 206 9 96
476 212 4 11
146 231 3 113
351 83 4 153
18 306 26 171
421 59 3 98
317 486 19 164
176 397 10 34
9 147 13 105
35 385 9 72
248 278 24 96
165 104 17 152
259 308 5 116
33 308 17 63
282 215 6 103
15 280 26 40
228 68 8 116
25 135 23 57
100 262 20 187
403 312 2 164
355 275 15 17
78 422 26 103
199 269 16 6
0 118 20 100
490 386 12 13
9 145 7 18
79 237 22 87
314 255 5 130
416 395 4 176
401 301 28 26
433 94 17 145
386 190 23 29
33 437 12 84
466 18 6 145
168 462 19 123
310 235 2 8
213 232 22 154
57 487 22 56
86 433 16 72
81 322 20 68
158 182 13 130
360 239 25 128
249 498 28 168
455 436 0 192
83 480 26 22
416 240 18 146
324 492 19 148
137 222 12 119
238 380 27 126
139 338 19 47
108 31 16 5
298 88 13 66
431 465 7 28
337 29 7 7
215 109 28 180
430 476 0 185
358 270 0 191
33 198 26 11
180 179 25 181
21 475 10 155
1 190 22 173
74 253 13 81
111 391 8 104
267 54 17 66
221 372 11 185
304 464 15 109
102 319 29 179
31 80 7 68
486 127 12 131
395 117 12 143
422 198 25 98
349 67 13 73
43 430 0 77
342 21 11 169
464 229 28 20
264 24 19 177
268 364 14 166
153 117 4 3
98 358 11 35
339 393 26 191
357 385 27 25
366 415 7 22
350 204 12 128
345 319 15 171
349 97 2 118
77 431 22 132
107 5 14 4
453 88 18 173
473 184 17 86
453 290 16 53
118 46 20 55
418 231 22 128
178 188 25 66
93 163 8 91
196 108 23 58
436 461 19 155
477 443 10 60
43 39 0 198
66 62 22 64
327 280 18 8
146 177 12 60
319 165 29 64
220 478 2 96
225 412 25 193
65 287 4 179
430 478 14 49
272 230 9 116
435 410 27 165
250 273 19 114
65 216 11 115
145 97 12 181
116 94 18 62
205 177 5 10
274 347 8 182
256 36 18 43
136 319 24 165
103 355 12 117
167 15 3 131
42 117 27 80
96 83 6 59
478 247 23 27
422 139 4 28
145 465 11 117
181 293 29 66
86 145 29 61
154 184 15 154
429 30 7 130
15 42 6 1
410 136 16 172
251 102 8 69
11 349 16 74
348 41 29 10
197 367 16 105
414 99 27 142
433 332 15 139
246 226 28 22
465 321 20 158
162 75 10 143
201 352 22 89
274 193 4 189
371 84 1 179
196 392 16 8
456 193 13 83
23 141 12 10
52 118 13 65
248 149 12 171
173 147 29 43
289 468 13 157
488 364 10 17
273 117 2 152
9 121 0 10
104 218 2 143
22 15 6 44
297 174 17 129
491 408 16 48
248 9 24 113
40 116 0 188
444 248 12 126
377 127 20 135
442 142 2 179
169 6 9 153
288 251 7 80
167 319 11 24
201 375 3 112
289 417 7 100
370 183 26 169
294 395 16 12
184 21 16 135
63 254 15 46
227 73 3 74
316 234 5 59
388 386 12 27
474 498 2 112
37 234 24 65
198 41 26 38
85 141 15 185
392 25 13 183
53 298 29 52
240 358 26 179
158 12 8 82
86 332 23 18
71 154 22 145
83 9 28 63
417 376 29 139
266 491 14 114
390 13 10 1
227 57 25 109
354 155 24 48
157 449 18 167
105 38 16 89
268 483 16 77
100 257 9 100
306 298 16 137
336 444 0 52
452 477 29 110
286 456 27 16
382 445 19 69
187 79 23 145
355 144 14 33
186 311 16 197
386 347 23 100
310 444 27 22
27 168 27 184
215 324 18 20
72 413 18 79
36 302 13 127
219 129 11 156
167 43 24 5
487 332 28 111
330 179 9 178
244 434 11 61
394 497 2 51
168 177 29 149
314 300 14 2
154 264 22 28
497 468 11 61
482 174 4 162
450 364 9 63
433 2 21 131
18 264 26 110
327 474 13 160
234 144 21 91
19 340 28 115
448 317 14 101
478 259 10 190
43 94 17 45
155 391 22 196
265 128 26 195
442 174 20 102
493 285 21 145
245 447 0 88
108 365 12 83
317 437 19 42
296 344 6 125
41 425 2 136
302 305 25 101
471 107 1 82
273 56 0 108
162 302 9 36
49 101 21 33
407 188 16 78
216 136 4 126
285 52 14 141
442 223 28 145
77 194 16 53
381 436 0 47
194 428 2 55
417 26 2 131
439 256 25 128
180 204 19 12
493 323 11 199
437 487 24 47
322 21 17 108
391 189 23 81
208 55 8 69
97 172 29 33
223 40 7 186
484 35 1 104
218 241 24 44
483 401 29 173
474 330 7 70
371 317 14 140
388 203 7 46
307 457 22 85
446 220 13 153
205 285 11 31
47 463 6 15
319 74 11 167
78 219 17 173
84 469 26 196
437 157 24 25
101 490 23 94
151 162 29 158
341 327 17 106
166 128 6 196
485 310 11 195
414 100 24 94
39 62 11 76
478 269 25 179
386 6 8 104
201 329 23 135
115 395 26 122
385 16 13 71
276 368 6 173
451 164 19 64
249 11 15 86
344 292 6 16
43 454 2 197
396 36 25 91
374 319 10 103
282 274 12 63
339 349 3 175
250 269 2 81
202 398 5 64
288 333 14 134
108 440 23 76
62 15 25 83
243 99 25 41
291 138 24 182
128 3 5 189
312 11 20 139
308 305 16 55
47 332 28 156
390 257 5 117
235 183 21 110
298 147 21 141
461 96 8 112
322 273 0 32
304 54 4 79
155 163 21 7
178 139 12 131
198 484 7 10
107 369 28 168
476 478 28 119
109 390 9 127
486 70 8 121
346 185 16 10
485 347 13 6
380 475 21 179
378 219 11 168
35 473 2 69
217 425 4 124
21 487 4 137
379 164 7 196
334 145 21 97
37 281 22 122
131 21 13 31
151 285 8 129
477 475 27 63
229 466 10 41
32 161 9 195
324 424 8 140
295 130 2 79
285 305 1 121
83 433 25 189
276 247 19 197
276 328 6 34
296 301 28 91
154 329 3 114
19 267 1 56
155 26 26 176
444 448 4 156
75 199 9 30
104 37 12 170
482 17 20 74
29 202 20 98
343 494 17 38
226 14 17 145
337 30 18 32
327 28 23 46
349 426 24 97
171 356 28 52
314 18 29 62
415 353 18 107
423 399 14 122
327 386 19 135
9 94 15 178
436 397 14 167
453 157 15 7
472 160 26 128
381 438 0 86
453 283 24 42
93 59 28 177
314 192 6 160
65 489 8 26
205 116 7 8
310 136 2 32
188 237 15 66
89 349 29 199
34 292 9 130
214 498 27 115
384 440 26 154
59 475 29 169
252 239 25 101
234 468 7 22
53 107 8 145
348 333 29 4
241 114 15 19
150 314 15 162
112 82 16 165
496 235 7 50
141 370 27 55
457 233 16 167
471 113 11 185
347 143 1 25
348 413 2 28
129 299 9 174
316 237 0 78
416 15 6 156
200 153 21 177
420 459 15 160
430 277 15 196
154 126 20 166
324 78 0 53
401 165 17 97
214 219 5 122
138 270 24 9
427 5 13 22
41 208 7 17
424 199 22 77
432 333 24 177
329 263 1 73
241 199 5 93
318 348 8 96
152 447 3 124
201 73 6 37
443 464 21 91
343 62 18 155
340 306 14 71
457 92 17 109
66 401 9 94
406 347 3 25
401 181 6 63
360 271 0 200
109 327 6 110
148 23 14 103
39 111 6 73
120 376 7 177
422 340 0 181
44 223 7 19
193 254 29 185
6 340 25 183
482 4 7 1
178 434 20 146
315 416 7 5
108 287 19 173
487 364 1 160
13 340 20 112
299 395 1 42
449 381 9 106
139 145 24 191
157 342 10 18
424 341 0 189
89 355 3 178
68 427 18 177
141 421 23 14
288 275 5 26
54 22 27 73
283 177 4 5
18 317 18 9
249 276 21 111
449 136 15 182
266 428 6 39
303 53 13 87
358 172 14 121
393 412 4 5
83 470 11 100
409 288 18 85
469 222 15 61
120 379 24 66
149 41 22 185
254 176 6 41
338 142 12 16
420 67 20 68
171 5 15 68
360 212 0 200
395 123 0 190
77 360 10 23
82 49 26 89
296 427 29 102
186 185 16 93
469 22 8 79
144 33 6 29
446 404 29 153
136 365 19 114
179 379 15 59
57 344 0 190
445 301 29 77
159 406 23 137
91 10 1 39
392 419 23 72
122 372 2 159
260 444 5 184
165 430 4 32
198 98 23 24
97 486 8 157
308 26 11 165
377 452 27 162
272 306 18 51
391 317 12 84
469 132 6 50
153 367 18 148
428 419 14 95
360 30 3 48
316 34 7 191
471 301 7 146
105 109 15 183
136 133 21 7
96 476 1 159
307 70 3 97
465 365 14 171
225 5 6 5
331 36 23 96
229 198 12 38
172 20 17 189
285 406 18 160
266 136 13 191
175 441 15 182
489 265 16 20
226 10 24 132
296 408 26 161
385 310 12 198
55 174 9 83
315 82 7 119
407 42 27 194
180 415 15 122
313 391 28 42
115 5 16 149
116 306 27 65
223 333 20 137
295 150 29 83
85 465 15 44
239 72 11 145
462 282 5 87
378 294 12 101
188 474 10 56
329 494 20 183
403 153 25 17
67 134 1 36
328 221 13 47
448 376 9 186
375 357 9 28
257 464 21 29
122 262 11 6
103 180 7 93
470 350 15 13
9 422 8 158
498 206 11 152
350 52 20 62
318 317 29 177
484 338 8 122
474 72 27 29
68 344 21 106
181 197 10 181
221 89 18 192
257 304 10 168
57 468 25 13
70 198 22 118
228 291 24 45
348 299 5 110
483 81 24 94
171 159 19 129
433 315 11 52
315 257 10 149
312 439 20 184
457 62 24 147
282 311 11 124
229 367 18 178
410 90 22 65
457 60 15 145
175 392 9 49
432 166 20 168
321 387 2 109
189 494 22 112
74 160 21 185
480 57 10 47
201 17 23 91
437 251 5 102
104 388 7 159
79 327 29 114
254 13 10 30
184 112 5 110
326 378 4 122
15 176 2 46
8 115 2 76
54 110 27 86
175 146 16 190
105 394 15 121
78 288 8 49
243 219 26 83
392 112 6 193
123 392 11 120
445 80 18 92
298 38 21 98
139 285 6 151
243 380 19 111
389 134 21 40
381 147 19 192
257 286 23 20
309 65 11 28
94 51 13 75
375 297 3 27
212 368 11 112
106 491 10 51
249 407 10 34
158 257 23 182
33 268 10 29
459 245 11 113
326 443 23 25
369 176 20 135
75 233 9 82
350 294 26 188
346 82 13 135
16 99 29 75
297 34 14 139
341 180 6 33
150 449 6 111
244 156 28 176
34 493 7 197
18 45 14 60
170 234 7 175
442 416 29 81
258 169 18 38
430 473 2 195
367 201 0 131
346 76 13 12
195 41 11 130
358 28 25 178
171 219 26 153
107 210 2 102
468 51 14 16
275 302 25 49
213 225 9 82
230 344 26 199
461 98 7 20
155 7 11 154
152 493 7 75
251 244 19 162
13 219 6 173
161 53 4 47
487 453 8 146
232 493 20 170
184 82 16 24
144 496 1 181
168 455 3 45
380 254 14 62
456 436 22 81
399 233 20 80
25 197 2 97
313 115 15 130
334 137 0 45
100 180 24 126
49 401 11 147
494 122 10 147
441 328 17 2
405 304 13 60
154 179 4 175
180 123 11 175
304 132 15 60
231 136 24 102
124 47 16 148
179 296 15 137
444 170 27 128
18 462 15 98
374 111 10 150
298 2 20 176
491 251 18 36
337 11 26 29
62 427 20 177
275 297 15 23
447 56 8 173
494 471 13 155
23 186 20 75
385 136 26 181
462 329 16 134
303 185 8 33
205 230 2 122
379 209 10 38
438 231 0 70
185 163 13 126
277 82 7 33
417 311 28 143
294 355 29 34
440 109 12 149
397 459 12 54
343 351 24 190
243 257 4 118
190 270 10 84
152 462 21 94
455 215 15 22
291 485 19 51
150 160 11 71
303 140 16 45
280 113 1 75
372 52 15 88
93 114 13 200
401 219 14 164
75 77 19 185
296 319 2 103
194 344 11 13
81 190 15 36
267 49 28 41
209 76 9 190
203 87 29 83
52 321 8 177
411 188 6 104
244 162 8 178
253 96 4 95
58 449 5 50
161 15 13 187
118 326 13 143
296 163 21 61
482 159 22 67
45 264 14 8
404 81 11 58
45 306 26 36
118 142 5 80
65 409 1 91
307 54 11 73
71 456 13 54
102 51 11 152
308 10 3 121
92 10 4 17
248 145 19 187
25 184 21 39
378 73 27 56
31 36 27 158
188 190 22 15
364 176 25 33
169 236 10 68
168 401 26 38
176 54 5 38
424 349 19 117
467 123 5 58
93 407 3 157
275 360 17 62
437 405 27 63
223 364 0 103
353 94 4 69
463 33 29 86
310 43 24 137
192 419 16 188
158 41 16 68
29 253 27 4
96 184 21 180
335 201 25 177
92 238 10 37
176 284 15 18
238 229 8 188
336 492 0 176
174 222 14 82
421 295 2 46
273 227 0 89
217 316 23 112
20 282 19 16
219 233 3 137
134 232 10 189
189 108 29 93
222 124 28 54
69 162 14 143
113 186 7 79
71 314 8 69
48 431 14 159
299 334 21 103
228 350 21 75
390 250 13 116
44 383 29 74
1 213 29 181
162 493 17 102
159 448 7 112
138 177 11 113
131 491 9 54
201 80 29 110
141 18 2 117
247 214 5 156
119 283 11 119
169 452 23 143
125 163 9 185
380 121 25 55
304 218 18 83
360 337 11 137
38 103 29 32
436 373 25 100
67 99 28 93
307 131 14 119
264 492 5 33
468 321 10 30
395 324 13 113
75 299 12 124
292 47 0 19
148 403 3 44
119 47 20 193
244 482 18 130
82 15 12 156
43 451 17 135
83 13 10 95
48 192 15 32
460 379 23 176
221 478 7 87
17 342 19 90
226 90 0 129
474 297 3 29
269 112 9 174
43 295 2 188
381 253 24 29
80 200 29 126
141 195 12 93
36 376 14 135
327 446 3 69
325 232 1 156
185 65 19 85
309 274 24 138
285 226 18 186
45 192 4 151
330 482 18 166
472 462 10 31
396 378 29 6
209 134 18 56
438 411 29 98
445 140 11 7
247 357 24 112
445 467 11 81
160 280 21 42
152 334 6 139
223 55 0 67
61 70 29 107
452 259 24 190
38 338 0 116
29 236 0 183
229 220 13 70
106 29 17 128
258 482 22 3
376 148 4 14
11 366 9 35
258 218 15 1
34 236 9 1
170 453 0 15
371 237 14 20
421 9 14 170
335 483 0 151
365 336 27 13
376 270 24 25
165 405 5 11
73 290 10 53
485 272 24 192
372 391 28 91
470 7 20 46
451 173 8 70
144 302 27 65
8 280 8 109
422 277 7 35
487 376 4 50
398 296 18 65
257 478 25 29
392 148 1 141
202 472 25 161
440 234 24 10
274 322 18 142
226 292 23 59
470 130 17 54
443 466 17 60
413 383 1 97
434 394 1 174
44 391 1 185
93 159 11 56
78 240 27 133
377 252 18 169
238 272 19 50
429 394 21 103
251 246 29 78
454 381 13 171
122 197 24 148
381 276 18 146
175 302 17 75
456 125 20 126
201 111 10 6
276 33 25 123
42 461 1 45
421 416 7 122
277 410 4 114
32 289 4 130
349 363 25 182
319 222 4 122
130 214 8 82
12 4 13 152
85 11 19 54
77 477 13 124
210 306 11 101
209 240 14 158
413 201 27 22
428 357 12 156
487 235 3 149
273 270 14 61
35 467 17 80
439 215 5 9
478 417 12 43
189 178 24 151
367 16 5 181
359 185 10 30
429 414 25 40
141 131 6 155
74 325 24 125
306 452 1 81
3 31 27 166
357 487 16 100
242 93 23 65
294 362 10 78
301 418 9 172
139 61 10 43
412 0 19 67
247 17 25 44
390 20 13 108
209 394 8 199
93 312 7 36
27 386 13 77
147 498 17 143
233 367 14 3
451 160 11 11
277 74 9 73
281 183 10 165
346 462 16 110
333 303 17 4
291 259 7 67
364 331 27 177
452 492 7 95
311 16 19 158
93 119 10 2
74 384 24 137
483 272 7 54
257 197 27 170
319 373 13 60
110 428 2 198
143 232 19 130
327 145 0 29
323 451 3 3
168 171 20 139
297 30 23 172
494 112 18 104
258 474 19 104
265 71 1 96
270 445 0 125
280 210 6 36
496 412 22 164
387 337 21 15
197 164 14 197
270 18 14 2
153 351 17 177
19 29 7 33
379 36 23 183
304 18 14 172
96 267 15 160
320 495 20 54
472 351 25 130
498 202 25 177
477 128 20 104
492 312 12 136
337 448 5 168
432 340 9 35
417 331 23 156
123 221 10 55
64 477 21 34
334 419 16 52
190 308 9 164
43 228 17 141
490 345 27 41
435 246 21 140
78 463 18 50
350 384 14 131
62 313 8 133
362 272 13 61
93 379 23 169
175 103 14 89
148 267 19 108
178 405 6 33
294 154 19 169
375 5 6 12
101 283 10 183
357 129 14 52
136 332 1 11
206 142 25 96
143 398 11 77
467 278 16 89
148 495 19 137
65 81 29 118
340 86 21 143
150 345 17 152
395 119 28 43
221 430 24 39
58 98 14 158
183 416 19 67
3 339 15 179
174 449 5 59
304 403 15 11
334 115 28 130
136 165 24 31
441 107 19 41
417 398 16 90
274 375 7 122
362 131 16 153
133 478 2 52
57 56 18 156
168 50 1 179
312 132 0 40
123 386 8 165
464 341 18 47
189 214 28 117
121 302 1 61
128 315 21 180
331 233 4 132
337 166 24 19
39 112 1 42
19 109 3 3
134 178 12 150
448 365 0 85
111 300 24 22
17 244 4 138
327 27 13 68
212 37 23 164
204 483 23 156
203 429 24 50
361 142 26 16
195 442 27 144
24 257 27 140
385 48 11 29
369 4 15 146
363 319 21 124
305 132 26 40
109 424 23 20
25 141 10 197
431 482 15 168
495 308 26 55
348 99 20 79
390 74 12 88
57 429 20 100
115 111 18 116
194 427 24 143
278 417 26 180
19 112 7 147
104 95 13 111
41 189 21 94
433 483 8 148
82 369 17 12
349 149 1 49
442 25 21 76
387 55 7 95
10 42 23 193
202 431 22 155
297 368 2 171
150 152 3 22
90 65 24 164
0 310 1 134
200 59 20 123
59 142 0 132
152 244 21 140
253 468 28 36
139 272 25 62
302 170 27 8
423 28 21 179
2 168 3 77
170 294 12 76
274 437 29 92
50 274 3 107
164 31 1 42
449 293 16 166
427 133 17 137
284 27 16 107
65 132 29 12
81 418 21 183
127 41 3 175
170 279 29 29
117 113 24 29
472 411 12 109
6 309 29 144
68 418 23 74
177 116 0 117
23 39 4 139
483 388 14 53
170 160 15 99
235 217 13 189
143 31 15 129
458 470 5 38
194 150 18 169
100 40 19 134
110 19 0 33
157 423 0 133
233 239 17 61
254 348 3 185
88 474 23 91
154 230 19 59
444 420 11 192
206 329 10 144
150 477 13 1
232 259 5 192
402 263 2 147
183 352 19 114
462 156 20 75
66 38 11 87
457 21 5 70
331 48 7 123
314 6 23 134
89 238 4 196
150 496 26 184
441 67 1 193
28 458 3 179
203 255 19 178
429 331 0 188
224 31 7 199
219 14 17 132
356 36 28 130
252 365 11 157
377 429 5 144
423 70 5 32
494 498 13 187
319 169 18 178
474 302 3 43
306 54 3 28
492 45 15 174
473 9 5 173
1 90 1 36
452 490 8 139
233 32 29 68
113 402 8 128
296 403 17 107
224 464 17 109
240 263 11 130
129 201 11 108
484 75 22 96
262 39 6 119
444 17 8 29
370 335 24 183
324 235 11 89
236 353 14 197
455 363 3 115
104 162 27 149
469 150 29 18
283 318 8 142
168 187 21 191
446 481 6 3
246 245 23 16
146 443 24 58
104 282 24 63
474 370 24 189
355 345 16 123
405 9 3 76
378 350 11 84
421 64 10 120
485 443 3 194
222 285 25 93
33 340 24 38
3 457 3 100
35 285 25 154
251 335 10 186
482 455 13 84
75 11 17 95
338 470 10 119
201 61 29 168
219 496 21 10
14 285 15 198
277 296 13 95
100 64 9 12
251 214 24 45
156 301 14 52
387 100 14 183
408 161 6 123
206 334 21 11
232 222 9 24
125 124 7 195
281 245 28 90
103 241 11 55
475 211 16 183
472 361 12 1
12 297 1 157
456 170 8 112
389 119 21 181
43 248 3 5
131 248 1 147
213 55 3 137
184 335 9 31
19 350 20 62
182 495 9 95
23 55 24 193
219 478 1 59
252 50 23 86
155 425 22 103
11 240 8 124
102 416 24 37
207 399 22 165
95 102 26 16
213 443 24 7
462 120 16 74
61 310 11 38
202 282 3 167
15 117 20 191
55 185 13 24
308 407 5 47
268 278 18 25
421 21 13 50
364 350 22 99
200 48 6 4
453 138 18 171
497 239 10 19
43 355 16 81
13 9 17 19
53 171 21 50
301 208 24 153
11 124 10 166
321 177 10 32
434 134 27 74
490 62 6 128
234 290 2 15
434 236 16 2
309 247 10 10
259 328 13 93
156 48 8 194
167 19 25 12
6 59 29 21
109 442 4 181
471 174 7 59
276 194 15 187
68 289 3 81
122 271 8 53
63 47 24 96
67 290 24 5
34 189 3 19
226 136 26 147
103 5 16 37
327 383 28 143
365 395 14 32
307 161 10 122
163 362 19 71
270 447 20 86
57 282 27 197
137 135 9 137
479 102 9 28
134 377 16 78
407 318 24 119
153 25 6 164
395 223 21 16
286 343 27 197
453 250 5 107
57 333 25 199
459 267 10 72
497 146 13 39
243 127 7 189
421 286 9 82
203 4 14 10
210 69 7 90
439 486 10 92
292 189 12 95
212 469 26 71
436 263 14 50
84 88 26 171
368 397 3 154
157 334 4 13
65 68 15 133
167 248 11 23
367 181 29 109
355 44 25 182
194 420 20 180
291 300 16 148
347 96 21 108
433 201 25 168
397 431 3 185
33 57 17 151
175 454 15 192
266 178 3 138
215 157 12 149
357 81 18 87
429 250 19 163
201 458 1 194
494 351 21 164
92 494 0 96
82 432 15 138
470 125 17 133
455 54 22 186
23 225 21 135
414 181 9 75
309 244 29 49
262 461 19 68
404 276 4 146
292 421 9 187
397 223 14 139
133 279 18 174
241 415 25 60
104 186 19 182
295 156 0 56
441 245 8 190
383 199 16 92
28 462 21 185
379 351 6 148
157 477 12 138
470 153 18 174
140 384 27 10
285 186 5 76
48 7 14 180
241 283 12 193
145 92 11 87
437 382 7 69
371 161 25 17
417 341 2 187
476 364 13 161
360 366 7 58
483 210 11 199
286 154 25 23
167 314 8 194
291 358 14 200
373 88 19 43
301 336 17 138
207 197 3 64
180 153 18 4
63 458 15 106
355 33 22 154
178 176 19 63
302 245 6 107
48 407 7 137
214 265 28 155
182 177 18 13
23 194 23 186
397 289 6 117
117 463 15 178
450 242 2 111
234 135 28 133
198 86 26 75
386 310 12 181
445 214 20 1
130 138 18 42
482 427 28 64
364 101 25 160
134 99 11 200
475 229 13 182
174 446 12 177
14 428 23 160
255 244 18 98
210 407 8 14
190 296 0 91
192 206 17 58
260 31 12 11
383 4 4 30
374 341 9 116
254 188 8 36
248 393 1 25
430 34 24 172
108 176 1 31
323 153 25 98
240 343 9 73
274 215 15 45
241 147 6 10
395 265 12 49
444 317 15 119
93 492 0 190
369 206 1 26
110 422 22 7
33 370 6 65
96 224 20 99
266 431 22 164
189 280 1 143
74 195 3 67
127 35 21 34
323 218 27 37
371 271 1 104
474 306 15 178
96 171 18 128
47 297 28 63
482 267 10 10
106 432 12 71
456 83 29 103
140 102 29 96
210 97 25 71
141 245 5 62
138 306 17 158
423 361 20 87
78 400 5 77
79 304 1 101
443 194 13 169
454 182 5 136
377 332 2 42
481 367 28 98
98 96 25 21
200 267 17 42
87 150 18 178
292 48 3 114
150 58 22 183
146 107 17 177
143 235 16 179
104 339 1 178
408 9 5 131
396 161 7 66
213 113 1 161
434 304 24 126
383 453 14 120
281 386 19 107
296 477 9 145
491 88 28 19
51 318 19 161
456 421 16 103
165 371 21 65
116 448 2 192
461 146 1 77
346 436 20 189
133 382 23 21

0 382 48
1 121 19
2 175 47
3 288 10
4 78 50
5 7 59
6 325 41
7 171 58
8 203 10
9 298 23
10 35 30
11 439 4
12 85 58
13 412 13
14 90 15
15 87 24
16 285 15
17 102 41
18 466 58
19 152 25
20 231 41
21 306 23
22 349 10
23 484 41
24 80 49
25 384 2
26 233 16
27 366 46
28 336 5
29 385 50
30 59 46
31 473 21
32 422 5
33 190 3
34 105 28
35 64 54
36 379 39
37 82 10
38 153 4
39 270 33
40 157 48
41 255 7
42 245 7
43 162 34
44 18 4
45 103 29
46 232 2
47 416 58
48 47 49
49 432 58
50 239 14
51 417 32
52 388 2
53 272 5
54 17 52
55 390 3
56 259 9
57 343 33
58 437 48
59 273 53
60 226 6
61 107 47
62 14 37
63 166 14
64 13 40
65 352 4
66 236 42
67 375 46
68 177 22
69 37 28
70 200 31
71 317 52
72 205 24
73 45 1
74 210 21
75 180 18
76 253 34
77 479 3
78 265 23
79 77 43
80 418 17
81 400 29
82 46 18
83 159 57
84 225 14
85 55 45
86 274 48
87 365 45
88 214 57
89 186 58
90 170 47
91 160 36
92 151 13
93 198 2
94 471 27
95 63 33
96 113 13
97 43 47
98 261 35
99 76 25
100 185 1
101 301 8
102 369 5
103 60 30
104 108 6
105 33 50
106 447 33
107 434 53
108 73 36
109 263 14
110 218 21
111 75 18
112 94 28
113 201 14
114 276 9
115 431 33
116 79 7
117 321 27
118 481 57
119 193 40
120 486 38
121 290 54
122 117 18
123 21 56
124 51 31
125 165 52
126 425 28
127 278 41
128 330 55
129 405 53
130 334 2
131 359 48
132 187 30
133 38 2
134 293 27
135 443 12
136 114 26
137 414 29
138 155 31
139 215 7
140 373 43
141 8 0
142 450 19
143 377 0
144 238 49
145 235 29
146 420 38
147 295 49
148 52 9
149 39 35
150 227 45
151 41 2
152 430 39
153 312 35
154 307 21
155 195 59
156 116 56
157 132 24
158 109 19
159 110 8
160 436 8
161 24 59
162 124 23
163 134 10
164 475 45
165 256 12
166 25 41
167 328 47
168 492 21
169 221 47
170 386 51
171 308 10
172 426 30
173 282 27
174 477 12
175 72 26
176 284 52
177 348 19
178 410 19
179 452 5
180 220 22
181 315 47
182 156 48
183 389 4
184 303 45
185 260 47
186 271 3
187 112 26
188 353 30
189 350 7
190 197 35
191 119 6
192 472 58
193 173 8
194 10 18
195 26 55
196 424 0
197 335 56
198 99 11
199 158 16
200 88 59
201 355 39
202 48 15
203 163 48
204 131 29
205 84 43
206 427 7
207 337 40
208 133 23
209 402 9
210 338 34
211 98 48
212 465 9
213 469 40
214 15 57
215 4 2
216 138 31
217 49 24
218 9 21
219 351 29
220 244 32
221 66 38
222 204 36
223 129 56
224 397 51
225 491 9
226 329 53
227 70 15
228 354 29
229 154 36
230 181 35
231 455 35
232 444 0
233 299 33
234 304 6
235 316 15
236 179 41
237 237 11
238 6 49
239 194 54
240 413 35
241 313 54
242 421 59
243 267 5
244 378 17
245 242 57
246 30 30
247 144 58
248 207 24
