500 1500 250

2000

351 325 6 180
258 397 27 179
182 301 29 110
84 298 3 62
255 386 20 5
275 151 16 88
252 189 18 32
294 338 23 148
176 21 24 73
59 397 25 180
384 494 18 23
205 44 9 2
324 244 21 20
104 375 0 43
60 218 28 168
93 38 21 46
399 91 0 92
339 324 15 81
184 16 2 88
104 408 3 164
496 227 23 30
226 491 23 92
449 218 3 148
310 31 20 194
354 34 1 102
244 313 6 81
165 341 27 74
273 177 19 68
300 213 3 98
136 165 3 38
84 427 20 125
173 289 16 191
265 336 18 134
158 334 29 77
71 163 19 20
444 239 20 25
190 293 8 32
178 434 8 166
324 223 25 163
259 153 4 94
50 196 18 101
43 186 24 53
75 120 10 143
466 81 8 172
285 470 19 146
169 363 17 191
153 276 22 29
151 257 22 87
59 494 21 51
409 269 1 80
44 338 8 98
463 257 15 36
394 306 4 158
76 150 5 183
288 128 18 68
477 339 22 105
299 361 25 175
343 279 4 95
274 120 0 182
333 186 6 34
27 236 26 196
339 293 14 134
372 113 7 159
482 197 13 44
243 343 12 138
210 280 29 17
490 253 9 99
326 352 25 173
83 180 29 61
247 422 12 165
441 242 27 31
381 1 11 194
22 3 10 11
452 204 23 127
307 243 12 160
1 71 8 54
427 42 9 96
399 199 29 84
496 207 13 179
42 249 3 128
41 438 22 76
165 296 11 174
77 249 16 193
124 328 12 75
291 450 13 51
132 221 6 120
423 343 28 8
135 16 21 11
103 108 27 158
28 253 14 12
330 227 10 130
75 180 0 178
231 278 16 138
166 435 27 173
463 469 4 171
5 50 6 61
391 349 13 76
415 413 19 42
258 126 22 64
90 310 9 66
417 481 7 120
295 340 3 6
22 311 24 39
232 277 0 157
492 124 25 188
308 89 1 128
291 85 25 140
359 381 18 140
113 227 28 53
335 305 21 11
357 61 23 36
24 106 5 140
80 146 25 151
161 313 1 86
475 153 17 68
304 10 8 80
166 163 7 97
374 62 6 125
344 321 8 26
56 165 20 64
177 195 14 190
196 140 0 180
247 17 8 193
86 140 15 183
45 42 23 4
3 26 29 170
175 400 1 1
242 409 0 34
196 494 27 191
70 187 22 154
359 43 28 92
405 436 28 95
106 488 17 198
284 441 4 83
198 181 24 185
228 283 9 171
437 140 2 44
14 57 11 105
486 428 13 172
392 390 14 42
325 336 14 199
11 76 9 16
381 218 16 138
435 22 2 9
16 404 20 100
194 415 4 7
390 318 1 40
185 249 19 103
494 294 29 159
21 187 20 138
43 11 12 116
19 119 18 134
472 163 24 46
44 377 10 21
449 265 11 2
458 249 10 69
328 212 24 198
82 89 11 167
393 361 16 7
336 357 11 145
163 237 2 100
469 422 27 124
164 192 10 129
320 188 24 182
397 307 21 165
233 87 26 1
455 84 25 132
281 277 20 26
99 317 10 77
377 250 20 170
155 432 1 93
151 115 3 65
119 281 5 42
19 313 3 54
445 27 4 113
487 211 18 40
377 3 5 161
180 87 14 33
162 457 2 30
335 145 13 158
35 402 17 47
453 350 10 160
394 287 24 167
55 14 5 69
481 36 18 200
258 446 9 136
44 146 8 108
455 376 19 149
304 114 25 58
49 110 23 62
456 63 17 47
354 263 29 8
282 332 28 74
262 370 8 14
14 287 11 63
137 164 24 142
244 0 26 125
59 30 20 23
169 428 1 136
459 397 7 169
202 178 4 95
313 153 16 189
405 273 0 191
471 426 21 89
449 88 23 22
241 266 3 189
426 165 5 81
481 309 6 80
119 3 20 175
35 115 19 28
167 476 24 28
18 102 5 126
244 11 10 31
353 301 10 151
239 395 8 68
231 182 17 150
194 410 14 90
20 101 29 51
140 335 17 70
146 387 12 69
465 41 6 159
89 376 12 53
240 414 7 176
62 493 9 137
11 376 23 153
400 15 9 122
250 467 6 13
154 1 20 86
372 125 9 150
447 486 8 151
180 193 8 149
26 241 0 82
5 53 28 34
238 248 14 25
307 163 5 122
348 190 6 193
344 352 16 11
396 188 4 85
432 40 2 34
179 147 26 9
466 464 25 78
408 448 5 24
244 320 3 123
302 219 13 119
347 217 8 16
371 293 29 79
452 477 22 9
81 27 22 23
68 309 3 190
480 93 13 199
77 10 27 10
293 419 15 78
267 321 9 4
118 103 4 69
352 125 20 49
259 184 7 178
340 161 17 8
263 376 20 47
246 444 27 141
137 300 3 32
273 476 24 79
43 243 1 112
364 19 20 130
283 179 11 12
198 0 15 70
336 288 26 110
7 243 6 142
349 6 24 59
493 365 14 114
95 99 17 6
304 365 19 93
151 131 23 75
410 214 0 79
249 375 12 85
3 166 11 4
451 134 22 153
103 44 11 43
458 43 0 72
375 475 24 112
136 417 26 137
96 61 23 170
52 137 29 45
0 114 20 182
465 72 28 57
202 14 0 67
52 42 15 111
134 106 22 124
13 168 22 181
263 248 2 113
34 171 11 84
112 394 4 198
152 231 23 26
439 379 18 154
264 17 23 169
293 118 19 1
28 345 2 39
40 81 4 139
487 293 23 108
343 223 29 107
8 280 5 102
386 186 17 137
292 447 4 16
148 46 1 80
427 360 24 158
175 276 4 48
439 110 12 139
51 456 14 93
33 214 15 76
235 88 28 182
262 337 17 163
346 335 4 31
195 452 27 4
0 226 14 72
154 23 12 19
211 90 14 44
195 482 11 84
494 412 21 19
307 447 17 105
461 300 24 88
320 118 0 24
3 195 24 139
399 419 0 131
186 261 7 8
233 360 26 14
326 127 21 110
63 60 16 124
111 166 23 17
294 109 7 10
255 86 1 81
411 479 29 114
157 48 26 137
124 111 1 170
17 109 3 153
401 21 7 179
73 296 5 52
40 470 7 106
485 480 6 58
430 174 7 154
496 368 8 79
80 59 12 168
201 373 19 74
199 393 28 14
11 231 24 24
60 36 1 9
273 96 6 198
468 465 2 50
355 348 29 82
281 17 8 176
135 76 29 67
299 301 20 53
405 383 24 196
16 364 7 189
283 295 15 94
5 104 3 186
77 221 11 27
446 89 9 179
195 49 2 123
318 124 20 72
390 339 14 34
381 337 3 7
335 345 21 136
488 366 1 162
92 358 8 24
497 134 24 7
108 229 2 34
72 35 18 127
455 23 11 97
327 328 21 167
100 153 24 150
138 284 29 58
178 344 26 187
124 73 4 141
260 495 23 192
185 461 29 90
440 109 22 145
261 1 13 94
372 268 6 158
412 217 16 170
272 330 23 90
256 45 24 14
117 332 17 149
212 355 25 49
341 66 17 74
133 43 3 90
329 145 13 82
267 210 16 147
394 181 13 111
289 19 10 200
0 435 23 97
214 193 29 108
6 313 18 108
89 399 11 77
236 416 21 176
134 170 17 147
451 133 0 56
159 451 6 197
153 69 5 20
256 242 18 188
367 440 16 103
282 304 27 21
476 319 10 194
444 226 12 115
473 61 22 135
233 88 6 179
367 478 2 38
404 27 21 87
11 375 8 52
100 251 17 44
323 496 8 54
132 29 10 12
70 250 9 19
420 203 12 76
128 473 21 72
194 363 28 158
147 491 15 9
203 24 3 9
399 35 18 174
371 25 9 76
11 123 15 179
96 55 18 159
234 347 9 136
400 287 15 34
299 300 1 127
450 429 13 67
449 93 29 105
33 411 26 101
148 281 16 89
141 465 19 52
106 459 0 15
332 162 10 162
183 185 24 63
475 265 9 116
337 306 4 63
66 449 26 125
221 196 21 148
439 276 28 162
284 382 10 190
373 4 2 44
378 398 16 155
352 2 15 178
299 359 22 88
39 369 27 148
413 159 26 90
156 142 26 60
75 406 1 109
268 112 6 170
141 188 16 42
335 423 13 159
409 411 4 197
306 138 22 155
33 224 21 128
95 333 1 144
393 315 6 23
300 176 25 109
403 414 25 130
209 390 20 4
366 130 9 142
402 187 6 147
443 410 3 108
417 386 3 191
236 458 14 81
86 343 4 140
112 426 26 148
150 31 23 6
44 128 25 43
255 315 18 92
399 214 14 102
263 2 8 136
364 481 28 162
133 139 21 120
258 206 20 111
262 386 12 72
359 82 20 11
25 308 23 165
166 302 20 173
236 399 7 51
383 127 25 42
217 339 0 177
415 268 24 196
114 284 7 176
38 266 0 46
265 165 3 151
51 335 27 74
101 442 15 186
375 472 20 19
435 436 4 182
162 259 24 35
433 231 8 38
353 325 2 77
454 102 8 105
210 377 26 84
280 15 20 90
35 423 18 11
149 99 6 111
160 355 16 51
107 148 12 147
120 432 5 120
37 51 5 92
308 57 18 36
431 415 16 198
336 454 24 66
386 256 6 150
380 368 6 156
489 244 3 71
236 125 11 14
349 393 4 16
356 333 5 89
334 188 15 108
61 172 17 17
291 8 22 56
338 174 15 23
358 137 1 81
372 278 2 24
422 454 19 156
374 499 19 28
463 64 7 132
74 213 0 160
282 408 4 64
362 17 26 12
387 433 21 58
48 93 26 5
216 47 16 33
499 213 12 93
260 485 26 119
15 350 2 142
130 260 18 44
325 401 18 10
210 182 13 121
61 144 23 102
388 433 18 6
374 165 11 11
289 381 8 61
301 149 29 140
339 317 29 44
410 270 1 58
161 386 14 135
482 262 20 19
485 354 19 107
187 178 16 174
76 126 12 189
231 47 29 185
306 277 18 185
346 293 22 124
195 64 23 131
499 450 12 115
287 467 5 114
475 140 3 159
347 278 3 143
78 44 9 198
354 58 13 163
439 76 5 31
233 111 29 22
308 242 15 175
199 449 9 41
49 39 19 102
449 144 14 69
496 241 19 58
39 290 10 113
43 256 28 27
122 445 0 56
418 37 25 6
320 155 6 176
33 194 5 130
463 248 13 52
115 68 15 70
274 55 2 44
54 302 16 185
406 429 8 24
184 299 23 8
482 388 16 184
363 223 27 60
128 26 19 55
179 291 18 162
470 148 27 139
410 280 15 1
254 143 29 23
203 324 23 71
374 438 23 1
20 146 5 68
112 434 4 12
206 4 26 117
431 348 11 23
133 128 11 26
332 347 15 92
418 276 7 73
147 40 12 138
295 277 20 49
12 340 26 99
298 405 16 143
121 117 9 95
287 41 22 5
202 53 10 144
49 151 14 118
381 414 9 147
257 33 28 195
350 96 14 197
330 21 12 42
469 398 19 92
14 118 13 73
352 453 8 98
164 474 8 135
84 460 6 54
88 394 21 52
116 270 14 66
491 443 0 67
331 83 7 62
200 293 5 87
197 224 2 115
340 439 21 76
193 61 24 193
483 440 1 89
154 378 2 33
48 365 13 69
489 12 2 156
112 25 4 31
349 488 17 194
464 3 26 116
71 284 15 68
175 84 15 68
75 385 26 171
9 346 19 150
389 9 11 134
259 178 18 144
348 86 21 112
272 491 6 87
47 442 15 128
250 104 16 173
347 273 27 191
35 242 21 38
170 346 14 134
228 144 25 122
395 307 26 117
241 93 27 183
304 300 23 196
67 310 2 148
402 404 18 14
257 9 21 54
400 279 27 129
187 219 4 86
153 154 15 32
462 31 29 49
258 302 27 65
30 144 9 192
369 424 25 32
387 167 17 174
76 477 18 2
312 459 4 116
410 114 12 154
35 159 20 24
21 144 26 7
392 348 15 193
267 395 4 44
217 104 4 29
121 394 19 175
128 56 8 179
455 124 9 186
141 363 1 2
330 471 20 197
179 296 5 200
312 359 5 26
48 40 22 180
388 95 7 112
166 266 27 68
431 301 17 41
3 430 0 71
152 373 17 52
466 394 29 85
417 310 15 59
27 260 15 106
423 201 3 118
307 213 2 167
482 280 2 70
157 175 27 8
347 392 18 131
402 181 29 143
384 187 14 167
78 414 25 80
436 10 17 105
473 318 24 115
145 340 28 66
184 52 13 13
472 354 13 99
417 493 2 159
484 449 28 45
206 451 5 133
63 236 19 192
366 331 10 112
383 15 26 61
243 40 2 45
10 429 12 196
18 266 7 44
410 202 0 62
190 188 8 82
134 378 28 36
34 142 25 111
88 52 4 30
2 255 9 185
141 375 6 133
26 304 0 31
20 33 27 98
122 3 20 174
411 347 26 140
31 433 27 128
116 415 5 22
245 377 0 72
438 294 17 198
268 439 3 79
97 14 11 168
443 146 21 43
81 273 17 177
263 490 14 162
448 212 5 156
497 186 13 171
435 341 15 120
188 139 3 101
122 129 28 200
64 159 21 78
493 267 8 194
178 427 7 110
295 107 18 129
397 26 23 33
99 316 23 67
470 168 4 73
2 382 25 59
281 456 17 65
190 389 23 16
498 426 0 155
262 408 21 44
94 342 12 107
283 271 0 46
415 158 18 154
341 190 8 185
399 12 0 44
144 147 24 3
29 302 15 106
415 407 18 78
46 176 1 25
77 474 2 10
98 74 13 1
367 219 9 193
33 403 14 143
23 265 14 26
386 399 3 195
448 113 9 183
63 101 22 146
460 337 11 46
139 442 24 189
309 50 20 36
379 269 23 184
156 451 4 61
230 465 20 77
321 480 7 150
193 362 13 55
341 328 18 155
471 159 16 55
250 16 14 177
410 385 5 114
30 93 0 62
264 8 17 200
81 181 9 75
330 229 23 191
90 59 17 105
105 150 14 22
274 127 10 17
408 289 23 67
144 149 22 173
282 269 18 106
125 134 28 77
458 218 12 127
432 410 21 10
337 242 18 49
4 234 23 190
397 234 5 50
288 395 5 2
93 343 22 55
431 341 5 38
260 425 24 74
437 189 16 95
162 21 3 25
476 311 11 52
461 303 15 53
200 1 3 200
49 12 18 115
315 214 11 187
316 292 26 30
285 36 25 129
443 357 23 147
330 7 15 81
484 478 24 91
119 315 20 143
422 113 2 21
165 50 12 91
343 168 24 84
32 166 20 171
485 425 9 154
471 144 23 195
357 96 24 59
196 2 0 186
289 355 28 18
371 116 6 6
479 216 14 109
398 366 29 175
466 151 26 55
275 43 6 169
115 23 9 95
216 16 26 183
124 285 5 159
431 166 9 195
365 247 4 158
402 447 9 103
110 399 17 190
160 278 29 120
498 366 28 191
446 254 26 85
491 425 26 154
451 471 19 132
368 83 15 87
168 229 8 118
229 157 26 80
57 279 14 14
455 240 28 155
318 185 26 133
433 371 7 132
287 495 25 49
16 331 29 161
132 364 13 2
64 165 5 20
174 312 17 11
361 443 25 141
5 146 13 191
155 471 2 53
36 70 11 1
34 242 16 148
275 68 7 195
282 75 22 11
300 239 6 32
20 218 13 3
294 36 10 74
56 485 26 92
140 92 19 37
304 322 27 95
120 193 5 66
248 23 0 61
266 490 5 85
200 292 1 173
249 318 21 31
160 425 2 26
89 21 6 125
177 22 6 18
272 387 19 135
217 129 26 153
216 324 28 33
26 343 25 124
478 94 26 125
259 483 22 142
415 186 10 160
390 242 21 111
146 131 27 81
177 193 4 112
339 368 19 37
389 298 21 136
402 295 17 85
2 67 26 1
461 245 10 94
417 134 17 139
398 271 3 8
240 231 22 65
366 316 16 40
38 229 18 160
21 380 20 191
232 70 4 171
383 155 20 104
317 262 6 177
336 220 1 14
483 476 7 52
377 191 2 83
184 460 15 124
109 447 13 50
258 330 9 91
381 45 4 22
187 442 24 71
241 223 19 144
409 142 23 187
460 117 12 126
467 264 16 197
256 423 6 158
278 368 5 145
236 33 15 71
245 402 18 77
472 122 23 113
450 90 28 52
284 50 16 88
455 395 13 155
93 68 7 37
422 225 18 23
467 377 7 100
373 390 28 124
237 363 27 183
199 237 11 175
60 278 28 145
145 290 26 78
333 206 14 132
50 351 27 186
478 163 4 148
183 299 1 148
217 416 11 146
211 105 10 125
45 421 5 66
228 101 29 189
230 298 7 78
376 452 9 141
450 45 29 8
178 307 19 124
243 159 28 115
434 276 0 174
110 199 25 107
20 465 5 120
86 62 15 33
118 143 14 197
70 42 20 136
58 7 8 5
351 263 19 130
13 473 1 137
331 165 24 83
338 196 21 8
13 391 21 149
347 291 20 141
142 5 17 139
451 440 21 14
461 0 11 118
55 403 3 71
168 433 21 67
389 364 19 165
166 205 21 99
136 446 12 99
14 84 3 154
146 396 18 16
2 205 10 32
292 260 13 103
126 220 2 187
309 179 21 110
49 257 29 82
448 407 16 103
79 62 15 36
394 349 17 187
482 84 6 183
153 147 11 74
216 111 9 130
199 143 2 67
174 433 4 52
175 386 26 195
4 287 17 169
107 254 1 102
219 172 28 36
28 152 27 191
66 216 7 8
282 435 10 6
98 151 10 22
406 347 4 20
74 171 9 195
125 14 0 17
275 69 4 151
204 115 28 175
313 17 28 54
14 146 21 133
492 229 15 162
387 434 27 36
312 494 3 72
485 483 6 61
361 475 24 175
390 252 10 50
404 360 29 196
244 426 18 96
36 249 3 32
333 7 22 171
358 136 1 56
115 264 20 34
429 423 25 180
496 67 9 15
135 355 2 113
15 298 3 184
454 158 25 184
345 178 3 161
360 6 24 60
173 373 23 79
12 275 10 31
357 244 16 142
311 245 3 14
299 38 20 124
87 271 16 24
457 471 4 117
47 146 17 52
445 78 11 45
149 264 9 48
5 416 24 16
278 106 17 194
264 138 28 158
247 202 16 187
432 127 25 23
190 165 20 55
446 327 12 123
265 383 21 174
365 197 13 21
3 346 22 110
239 270 0 91
128 394 29 95
158 136 12 104
105 4 9 21
85 284 23 10
290 62 15 10
56 152 15 21
187 205 28 74
479 358 25 77
168 159 29 29
488 135 28 192
457 237 25 24
232 97 24 146
434 226 8 51
163 62 4 150
116 23 28 85
169 238 8 108
150 141 29 124
165 281 14 126
149 434 26 61
153 95 21 74
21 436 4 178
124 421 0 187
153 204 13 71
187 267 28 16
135 280 22 44
165 408 28 155
469 101 2 55
308 356 18 114
149 83 12 31
381 175 7 114
439 484 4 17
344 443 8 39
261 384 16 7
89 338 6 30
410 240 18 116
84 105 16 60
232 390 18 41
265 482 7 187
424 467 4 163
105 55 11 60
215 94 13 123
268 70 7 80
115 254 29 180
65 355 23 45
189 415 18 97
37 452 5 176
486 271 26 69
252 464 0 49
351 155 18 188
48 307 26 143
384 475 25 197
253 279 13 78
33 409 18 13
112 213 25 116
261 236 18 165
9 482 22 52
100 466 6 92
300 54 20 143
231 287 27 35
19 342 9 33
127 348 28 167
105 219 6 80
54 133 23 178
374 448 8 41
49 435 23 162
361 272 12 50
432 422 6 160
288 457 29 33
54 340 26 139
336 274 25 115
66 233 26 155
263 38 24 118
183 265 13 30
99 84 22 96
289 13 2 46
306 121 20 198
85 370 23 32
349 209 8 150
393 296 11 23
443 338 23 117
490 488 12 8
236 486 2 145
32 447 29 12
399 238 22 176
426 177 5 136
271 258 24 15
439 107 29 96
71 302 10 140
194 90 1 24
342 152 9 61
167 173 8 193
52 119 20 87
319 294 20 19
387 29 25 40
76 10 25 69
191 330 11 85
254 380 7 22
147 427 0 4
468 162 3 111
65 180 23 43
441 277 1 167
334 307 28 152
179 68 19 118
431 427 15 150
368 161 1 162
461 498 8 135
143 107 6 165
162 51 5 28
8 205 17 45
133 480 6 142
325 174 8 67
39 4 8 1
270 23 15 20
485 491 25 12
442 260 29 139
150 461 13 186
471 183 21 173
163 111 11 140
398 171 9 124
150 419 25 133
129 350 6 52
270 174 17 196
312 164 11 97
459 53 3 166
20 70 27 79
151 441 8 1
214 0 3 81
485 93 19 106
117 479 11 99
490 188 6 176
240 120 15 23
367 373 0 110
345 19 19 148
444 313 2 117
361 88 20 42
421 432 0 184
445 110 8 15
203 349 4 142
415 416 21 77
79 109 25 196
107 205 11 74
47 480 10 8
198 156 18 63
183 176 5 191
236 5 26 181
463 283 7 167
45 275 17 159
448 265 12 62
133 202 10 103
286 429 1 45
134 379 16 42
221 118 5 181
389 489 27 179
105 419 3 145
93 209 26 89
6 361 5 12
183 196 17 47
152 470 8 56
411 45 15 50
125 127 12 168
458 104 12 47
98 171 15 79
465 91 10 11
334 434 27 98
392 84 7 83
64 278 29 95
339 499 23 138
180 248 2 101
282 197 28 159
19 188 6 15
397 241 16 124
415 470 17 33
46 269 2 51
429 228 13 44
181 261 17 174
221 6 19 112
133 214 18 197
280 417 21 85
364 104 13 35
417 180 19 9
115 21 16 25
448 46 24 94
487 480 24 90
490 450 17 153
445 126 1 37
356 165 16 28
323 168 1 95
220 384 6 84
321 235 7 22
202 59 8 60
169 307 1 71
84 144 25 24
47 497 16 97
159 425 7 50
246 368 1 72
208 157 21 129
169 216 5 91
436 120 12 37
259 70 18 38
372 175 19 69
459 102 19 88
337 177 13 73
492 121 12 102
232 368 27 168
354 176 8 78
432 177 3 107
176 203 18 141
224 423 23 120
248 54 18 26
273 496 17 200
311 411 22 153
150 409 14 137
390 429 2 97
406 93 19 165
461 44 8 166
480 294 7 89
408 444 14 23
88 411 13 151
497 201 16 89
284 159 26 188
175 238 15 27
152 97 11 186
6 109 4 160
486 177 2 200
477 165 28 24
406 10 0 61
271 60 25 78
499 58 0 57
498 233 13 11
161 136 8 100
55 56 13 170
320 27 4 133
456 88 29 139
87 136 7 116
472 427 9 184
359 304 23 128
463 223 2 27
124 451 12 114
276 409 4 14
299 50 22 144
125 458 14 177
227 157 17 115
258 455 20 72
199 114 8 34
330 387 24 50
42 305 5 20
116 377 5 3
11 246 5 9
420 390 25 114
193 234 18 106
475 399 12 100
57 2 18 157
211 314 10 56
151 487 26 58
484 300 20 81
244 104 6 17
396 178 6 191
55 51 8 89
252 192 17 166
7 236 1 194
105 463 21 117
118 308 26 117
337 164 18 160
58 172 9 6
230 19 6 14
151 279 28 9
409 370 11 196
94 108 5 26
97 7 10 105
189 337 12 67
52 361 16 16
248 253 28 98
450 219 12 121
58 151 13 96
350 412 12 16
98 433 15 115
159 453 21 92
270 434 22 61
60 423 3 57
116 176 19 163
472 294 2 150
87 155 2 127
99 438 6 16
71 51 16 71
383 254 28 150
78 482 18 171
212 56 10 59
392 292 20 187
28 95 17 39
288 33 11 30
299 442 27 22
264 95 28 188
481 466 0 79
261 122 24 182
211 75 1 126
153 478 9 136
42 151 17 155
211 128 18 182
448 357 23 89
202 185 7 44
248 320 22 183
275 53 4 124
382 466 22 66
370 133 4 196
253 166 27 66
413 462 17 173
428 458 0 72
413 232 24 94
369 457 22 95
8 196 12 151
133 358 14 184
57 450 7 198
290 447 14 171
418 120 26 77
244 495 20 93
357 173 11 146
184 388 3 181
119 298 20 157
296 286 20 14
228 109 6 190
365 210 22 72
254 477 25 85
251 20 28 103
70 235 20 55
81 34 26 106
5 96 10 160
19 194 24 62
368 81 18 4
114 80 26 64
185 166 2 100
159 334 9 22
252 135 21 127
372 222 10 135
66 350 22 87
105 400 25 158
429 94 28 152
257 89 23 147
478 342 29 44
98 305 12 66
410 112 21 17
453 421 29 130
170 111 0 17
211 358 4 40
171 206 15 194
97 408 24 81
370 418 12 188
249 244 11 19
485 235 9 125
339 7 9 21
188 455 2 80
77 468 25 138
286 423 29 10
131 82 1 163
137 365 8 148
216 103 2 66
225 24 13 139
435 227 23 135
498 448 18 115
135 235 25 86
5 313 18 24
12 18 27 145
166 458 9 177
232 348 22 27
70 491 29 74
210 479 7 18
97 106 21 179
493 237 17 12
417 317 22 174
400 275 23 139
201 360 20 85
155 478 25 166
365 175 19 103
173 163 2 61
134 367 29 81
222 42 9 166
153 239 0 120
127 265 13 188
224 130 12 186
486 339 16 194
70 170 2 142
471 438 27 36
431 11 29 152
364 101 4 191
318 39 12 118
354 182 14 84
302 368 5 197
493 98 28 25
230 373 8 172
192 196 11 79
401 372 14 55
363 346 23 109
206 33 21 86
35 316 17 92
336 226 28 60
337 394 23 185
275 266 23 113
159 194 21 182
465 262 13 16
94 196 29 26
227 143 24 50
131 281 21 124
114 301 29 185
414 160 20 156
98 277 0 189
202 372 5 146
10 61 19 27
10 96 18 60
146 266 19 128
337 181 9 108
43 97 29 114
160 388 0 32
371 207 4 152
115 497 16 57
467 91 29 78
263 281 21 149
382 141 5 42
51 181 23 157
385 489 3 153
210 57 17 23
457 496 1 123
467 94 6 116
155 51 11 26
473 12 9 75
173 409 7 143
243 164 15 93
18 262 1 77
437 439 16 119
270 27 20 52
293 210 6 76
51 311 15 127
32 72 10 40
409 393 29 15
318 343 5 94
443 339 6 22
22 64 26 66
376 20 15 124
403 186 19 167
447 384 22 70
335 234 27 59
335 15 14 9
416 418 15 182
280 321 5 60
38 481 19 151
232 409 23 156
35 117 13 39
255 153 5 5
248 330 25 164
315 411 0 7
181 112 21 31
37 411 8 158
140 305 9 14
342 192 19 194
6 356 21 123
43 178 4 21
137 215 26 35
333 54 6 192
297 442 15 95
37 258 25 22
411 366 5 111
402 117 7 119
64 315 2 130
462 429 14 135
107 2 26 167
457 92 15 108
111 215 5 80
30 150 13 52
474 288 18 178
191 1 22 148
193 161 16 190
53 243 12 97
498 326 24 74
446 80 21 3
280 192 21 105
310 478 25 78
422 256 27 167
343 335 29 24
10 381 10 172
164 156 3 117
315 83 9 48
67 421 2 29
466 237 4 80
316 100 3 75
413 81 24 54
186 121 5 105
4 329 23 168
123 461 24 56
460 34 13 130
257 206 23 101
45 462 27 129
446 252 21 106
430 38 9 129
250 255 3 25
25 109 26 160
464 127 3 53
368 223 11 137

0 452 14
1 461 52
2 385 47
3 481 22
4 104 1
5 340 49
6 94 57
7 267 34
8 462 20
9 25 5
10 470 25
11 168 32
12 303 17
13 261 58
14 499 54
15 202 27
16 423 41
17 113 55
18 430 20
19 240 4
20 175 44
21 343 40
22 134 47
23 230 7
24 482 36
25 317 37
26 313 54
27 190 0
28 53 44
29 238 37
30 420 21
31 272 55
32 388 8
33 246 32
34 273 24
35 399 53
36 35 31
37 67 33
38 338 50
39 50 23
40 288 49
41 333 37
42 324 40
43 70 15
44 400 27
45 91 33
46 392 34
47 125 27
48 292 48
49 58 19
50 179 9
51 88 16
52 29 35
53 383 29
54 488 51
55 33 10
56 459 55
57 109 10
58 379 26
59 192 8
60 491 28
61 79 10
62 90 14
63 283 42
64 377 39
65 405 7
66 255 29
67 418 36
68 469 47
69 329 17
70 280 6
71 277 58
72 497 8
73 386 59
74 395 13
75 108 32
76 448 15
77 62 59
78 117 3
79 127 44
80 180 51
81 456 41
82 52 46
83 44 11
84 336 10
85 278 27
86 132 45
87 266 22
88 54 50
89 451 31
90 102 36
91 409 42
92 380 18
93 271 42
94 326 45
95 178 11
96 172 54
97 426 4
98 322 29
99 60 33
100 412 5
101 479 46
102 171 55
103 37 50
104 118 23
105 408 16
106 22 35
107 136 19
108 454 28
109 120 41
110 2 50
111 494 12
112 390 34
113 23 12
114 235 33
115 130 24
116 64 18
117 355 42
118 287 17
119 443 42
120 128 9
121 47 27
122 463 13
123 411 41
124 299 50
125 242 55
126 213 14
127 367 8
128 252 13
129 284 29
130 111 21
131 21 56
132 478 26
133 34 47
134 135 29
135 99 15
136 218 2
137 422 54
138 201 47
139 477 21
140 496 18
141 331 7
142 428 37
143 455 25
144 16 11
145 204 26
146 372 24
147 43 31
148 75 43
149 309 10
150 101 41
151 437 16
152 370 3
153 473 53
154 150 34
155 153 47
156 183 5
157 152 48
158 436 13
159 24 3
160 318 16
161 345 20
162 80 37
163 323 55
164 440 2
165 374 46
166 396 11
167 442 28
168 381 37
169 444 0
170 197 27
171 159 11
172 61 9
173 247 58
174 415 3
175 211 14
176 295 17
177 8 28
178 39 57
179 173 52
180 342 4
181 222 37
182 401 33
183 417 53
184 475 22
185 487 1
186 18 22
187 460 34
188 158 42
189 188 13
190 36 20
191 234 2
192 169 26
193 137 8
194 59 49
195 233 23
196 224 45
197 373 5
198 86 39
199 321 17
200 20 24
201 19 32
202 207 12
203 291 38
204 217 39
205 73 55
206 476 15
207 346 13
208 241 49
209 71 5
210 139 59
211 483 7
212 433 2
213 449 10
214 334 31
215 100 5
216 285 37
217 328 32
218 375 2
219 133 4
220 268 11
221 221 34
222 369 19
223 359 54
224 311 26
225 248 15
226 95 50
227 425 31
228 335 39
229 393 43
230 38 34
231 275 33
232 282 17
233 341 14
234 489 43
235 82 31
236 103 59
237 231 51
238 206 31
239 465 37
240 243 27
241 314 20
242 300 59
243 364 50
244 141 32
245 347 35
246 302 33
247 9 2
248 161 15
249 78 42
