300 1200 150

2000

27 150 19 66
228 23 4 129
172 149 12 107
133 50 25 6
81 252 23 4
295 138 11 44
288 5 7 200
120 286 3 7
214 14 28 155
265 294 16 69
15 108 23 135
210 260 16 75
30 268 3 155
194 12 7 168
246 289 24 175
168 54 20 65
169 272 19 42
191 236 23 116
157 135 18 180
251 22 7 173
270 201 9 156
42 76 24 4
270 168 0 59
11 103 3 20
294 20 16 158
139 185 26 54
110 257 8 113
159 140 22 68
188 97 21 79
112 3 16 166
241 163 20 114
219 157 0 25
87 181 22 185
57 144 19 163
122 55 7 189
64 131 28 64
135 286 21 12
231 169 3 136
39 250 4 22
42 83 6 30
153 100 22 186
184 98 2 91
208 200 4 146
276 147 1 193
298 228 12 27
181 125 17 192
20 132 1 110
254 222 6 53
32 280 16 105
142 298 22 182
289 125 26 103
228 115 19 191
238 272 9 108
60 263 18 16
104 197 18 90
213 21 8 76
67 82 27 102
141 77 16 84
25 82 7 164
40 271 22 154
251 290 14 159
289 84 1 183
182 167 27 154
131 205 27 181
207 257 8 122
210 2 7 37
140 282 4 177
84 125 15 114
101 277 20 196
40 228 5 4
51 143 13 77
174 34 16 15
169 114 17 155
1 186 5 121
198 161 1 77
15 90 20 136
288 122 4 187
5 74 9 121
176 192 13 53
293 179 19 58
103 284 14 42
46 177 2 9
198 112 25 115
83 61 27 146
219 0 2 12
64 211 5 141
22 200 26 186
159 217 11 54
202 24 27 7
36 102 24 107
277 283 5 152
282 32 19 73
135 116 5 104
48 266 2 40
96 247 26 66
65 99 11 115
289 282 4 123
80 125 6 25
175 249 19 69
233 75 29 46
112 293 25 141
110 244 4 154
273 34 5 198
187 18 7 49
162 193 11 108
6 119 18 65
0 175 10 130
204 135 15 56
198 180 23 53
122 20 20 91
128 189 10 134
257 37 17 200
119 286 4 68
262 32 24 101
132 48 24 111
86 68 26 126
45 120 0 150
208 11 15 51
42 127 2 178
258 65 22 8
229 148 21 153
116 51 10 99
187 281 12 109
93 297 25 50
272 174 14 194
280 41 25 74
299 125 3 115
196 181 15 113
96 120 10 133
124 237 23 165
80 210 9 162
19 191 28 83
69 34 20 192
201 77 23 193
187 10 26 111
25 106 26 187
32 38 19 159
125 126 17 130
68 262 17 200
281 25 22 144
230 7 7 103
224 56 27 142
193 75 2 184
90 4 12 103
144 188 20 127
280 93 4 98
243 253 19 125
115 180 19 123
216 266 25 1
185 57 10 186
179 231 23 196
18 74 16 27
281 289 1 20
5 86 22 165
233 193 22 131
113 212 14 139
262 70 24 109
8 237 11 94
207 215 6 165
31 61 15 32
263 43 9 136
32 266 22 163
33 279 14 120
150 284 2 144
170 236 25 131
237 119 0 192
42 255 4 18
259 180 5 119
142 83 29 154
281 297 25 188
281 170 10 182
288 200 5 122
146 272 13 187
236 108 24 114
88 34 5 66
296 124 8 87
10 224 10 2
159 14 25 72
179 244 11 20
277 5 4 57
31 109 29 181
220 44 6 19
148 96 18 39
148 56 19 103
27 147 2 24
159 134 13 175
200 37 7 50
218 51 11 197
5 35 20 97
126 278 20 2
68 238 22 80
212 81 13 97
256 51 13 12
29 72 10 89
188 178 7 176
134 29 21 23
16 67 10 103
210 298 5 25
222 52 23 13
235 215 21 68
230 29 18 143
165 193 28 110
123 286 5 46
167 240 29 181
148 73 19 184
148 270 18 111
195 18 29 46
219 73 23 112
53 297 0 7
123 161 6 63
188 39 10 92
11 23 22 184
224 112 4 2
235 63 25 20
35 206 9 3
154 220 6 188
197 226 29 77
106 219 20 2
104 298 7 130
147 159 22 145
233 273 28 6
189 92 0 8
265 79 6 124
245 287 7 194
274 280 14 42
40 115 17 121
191 158 18 56
79 72 15 38
271 196 23 93
276 107 14 163
211 23 25 162
156 119 26 121
59 80 22 172
71 207 18 138
277 196 20 150
191 53 9 41
202 80 22 141
185 168 8 141
163 279 16 187
267 195 9 161
37 106 27 189
96 256 13 143
190 55 17 172
27 74 8 128
26 249 0 112
292 276 15 30
154 282 29 120
77 8 9 107
93 157 22 27
234 269 23 55
262 261 24 35
78 281 12 173
246 184 25 116
256 139 4 14
284 56 8 194
8 53 29 13
148 62 24 72
123 187 21 25
60 34 20 161
26 19 11 15
4 157 12 11
127 4 13 45
189 283 12 95
266 3 8 136
61 237 1 123
153 33 25 7
25 151 3 128
237 283 7 126
74 195 28 140
39 128 4 76
77 101 29 152
112 234 0 196
95 21 0 195
69 229 9 184
297 80 20 126
132 271 28 9
5 219 15 159
245 174 28 153
155 206 21 118
25 65 25 82
145 146 16 122
235 143 12 36
88 12 14 61
282 255 1 2
244 204 1 107
185 211 8 93
4 219 12 56
139 25 3 144
80 269 5 183
135 217 6 179
177 128 15 188
149 216 11 40
245 251 19 106
55 218 16 145
8 251 15 109
72 77 16 168
272 34 0 74
105 296 5 93
118 35 18 10
43 74 20 123
30 119 13 27
166 212 19 19
183 35 8 175
298 98 22 136
193 244 5 107
268 238 25 58
61 230 6 17
133 288 25 52
292 89 25 190
20 284 20 29
121 231 23 165
107 67 29 34
254 260 16 42
101 3 27 18
267 200 25 40
35 262 29 57
59 33 9 196
35 4 21 86
177 122 0 71
148 109 5 141
269 233 7 23
69 63 25 117
260 22 27 167
189 106 12 171
295 14 6 27
284 241 25 134
148 113 16 69
148 152 10 104
88 72 15 75
217 92 2 100
203 100 5 62
86 233 1 90
204 221 26 52
26 77 17 12
266 35 16 183
197 131 19 5
164 109 20 172
84 77 7 5
98 157 28 141
72 170 16 143
121 229 14 119
207 168 13 98
299 9 23 21
197 59 1 187
253 199 6 35
57 8 14 41
147 246 29 36
45 211 26 24
123 107 29 93
193 141 5 31
151 115 3 71
73 119 11 194
14 90 6 41
147 118 12 49
255 270 7 195
254 264 18 63
287 114 7 52
138 165 0 83
229 120 0 5
137 136 23 170
145 187 15 172
47 278 2 99
298 170 7 108
206 116 23 127
293 76 12 60
225 111 6 126
274 285 17 176
222 208 20 170
1 273 25 85
96 124 23 19
97 191 5 144
206 59 16 95
192 199 7 128
263 243 25 128
285 268 7 161
228 108 8 68
148 93 10 148
245 44 2 53
80 52 24 101
127 105 22 177
46 189 4 131
33 10 28 83
287 92 21 164
92 49 28 161
246 294 2 159
244 248 12 156
135 220 8 144
102 187 27 171
161 141 17 200
33 63 6 56
114 11 20 18
52 139 20 137
246 185 16 38
99 254 25 40
223 144 6 10
18 298 13 164
231 238 3 108
100 196 6 70
248 70 24 57
81 157 17 53
179 227 9 82
173 87 20 10
14 96 17 74
163 170 13 140
27 221 29 9
34 199 11 181
123 264 24 171
116 185 27 187
295 66 19 66
234 111 29 33
202 232 16 64
257 135 10 180
273 110 0 166
132 2 3 102
217 11 11 56
123 205 3 118
157 202 25 110
178 253 4 5
222 59 10 12
216 60 15 155
273 285 7 123
24 171 0 176
28 245 6 150
8 106 13 115
145 257 21 46
137 183 28 151
229 143 21 135
260 86 19 33
215 41 16 1
208 74 1 107
235 192 24 175
101 211 24 44
235 50 19 140
152 153 3 31
62 87 25 123
214 177 15 128
85 30 27 118
206 95 8 91
258 194 26 83
121 63 21 69
120 143 20 27
204 293 3 26
6 143 19 147
214 285 16 30
56 100 0 183
233 293 22 122
183 112 21 36
131 121 6 6
225 120 18 48
246 49 7 87
248 190 16 154
294 97 13 57
198 61 11 191
212 211 19 114
163 292 20 176
29 50 14 85
206 220 4 34
181 193 14 72
196 227 28 133
34 91 15 198
125 189 16 142
212 130 9 54
97 38 23 22
103 268 11 58
276 2 10 104
261 229 10 33
123 252 16 15
204 64 9 126
149 8 6 109
14 106 26 103
198 181 0 13
25 216 23 102
67 91 16 26
47 137 19 187
180 78 8 117
46 162 10 16
188 110 22 20
225 41 21 60
53 113 29 181
130 83 26 65
125 12 7 23
226 17 23 54
59 150 16 50
256 151 17 157
248 15 28 26
62 69 6 195
118 79 6 108
99 101 0 52
267 43 18 47
114 228 0 75
271 211 10 142
258 108 14 48
202 70 27 100
147 297 16 100
186 197 16 159
98 2 13 116
18 280 15 52
128 76 28 49
194 299 22 18
90 7 7 187
110 67 24 56
171 140 2 137
150 291 17 192
72 203 15 75
246 149 24 110
183 79 9 169
120 10 14 186
100 75 26 156
230 148 17 168
115 98 26 42
93 269 2 32
256 208 25 23
187 235 14 47
14 250 28 199
213 106 3 91
193 178 18 117
273 92 7 179
137 196 25 24
97 86 15 37
172 19 2 88
51 72 20 181
91 2 0 77
212 57 27 125
254 19 2 184
173 128 12 79
23 264 27 152
148 84 9 85
135 213 6 159
160 145 26 74
53 179 18 138
140 113 11 22
265 244 6 157
212 67 25 70
164 55 9 61
290 37 13 67
163 218 8 30
230 100 6 66
215 210 29 184
18 32 3 32
287 1 28 180
65 231 17 170
273 262 28 67
201 62 22 194
224 147 5 151
185 214 28 180
212 150 26 127
123 146 11 98
153 76 12 15
35 254 18 112
276 125 19 38
267 244 12 112
218 286 16 87
209 210 19 80
31 177 23 25
247 168 8 127
67 105 15 79
262 276 25 67
240 295 10 32
139 273 15 110
175 2 18 103
229 96 9 20
251 35 6 44
46 215 23 142
117 134 29 98
261 177 9 179
262 180 15 191
50 256 13 10
183 91 3 55
113 292 16 33
280 133 7 137
287 215 22 169
254 209 29 185
185 247 9 127
125 152 0 12
267 106 20 173
19 145 20 79
271 199 29 183
47 274 25 176
111 2 0 102
51 1 3 3
166 292 25 128
38 280 11 111
235 153 15 94
87 285 11 198
284 256 0 69
40 123 26 121
97 194 22 6
171 79 13 106
71 227 18 70
33 123 5 24
237 236 0 175
110 258 22 62
279 19 14 165
202 102 7 84
166 154 8 49
203 133 13 164
281 13 20 9
265 206 24 6
86 117 12 106
67 264 10 122
142 44 10 34
285 163 21 156
245 202 9 127
235 269 3 54
253 168 2 44
73 97 14 184
176 227 7 198
24 59 7 6
102 253 29 1
258 245 19 113
159 206 16 104
264 231 8 164
295 280 10 17
43 63 20 152
60 48 10 135
122 50 13 192
256 103 22 111
53 201 27 190
268 273 12 83
160 17 15 172
110 241 4 34
2 51 15 124
112 124 18 141
271 60 2 185
26 213 9 35
215 223 20 59
108 116 6 167
128 74 7 151
270 23 1 93
168 229 20 165
135 138 15 73
232 235 1 24
206 169 5 8
71 155 10 41
148 16 4 28
221 176 3 52
83 62 11 28
276 117 0 114
128 7 19 114
282 137 9 69
283 261 9 155
228 160 8 31
190 96 29 195
269 209 2 36
89 166 18 30
141 222 23 91
261 56 23 8
11 183 23 121
144 250 8 134
80 259 19 38
167 79 28 27
157 54 10 109
57 183 13 84
165 241 14 192
269 7 17 28
61 277 4 59
79 264 22 161
66 220 10 180
180 124 10 44
218 170 24 25
125 56 25 173
63 286 11 194
248 88 0 173
154 275 3 171
107 171 3 114
174 267 24 123
127 160 4 95
31 111 21 80
195 274 0 137
95 25 25 16
230 65 15 107
96 52 19 129
280 206 1 35
212 112 28 11
105 87 14 187
59 143 6 80
101 221 19 49
177 278 12 91
47 136 25 87
274 106 6 78
82 75 4 123
164 251 29 26
11 173 7 160
180 24 10 179
245 57 14 139
237 16 3 194
27 107 13 96
24 51 7 145
161 52 19 43
202 67 17 106
208 58 18 79
157 128 8 41
225 173 9 138
51 236 9 13
298 52 2 150
97 56 15 99
270 18 28 17
210 261 13 59
287 49 0 70
298 252 23 8
275 35 16 163
279 114 1 180
188 279 29 121
31 144 7 187
219 153 14 167
288 93 7 171
146 127 26 192
63 75 3 34
222 209 21 168
297 86 28 40
190 170 20 114
205 157 20 169
57 76 20 173
220 3 1 12
40 204 5 58
192 103 21 150
198 64 25 128
230 268 10 16
294 208 18 192
55 89 9 149
28 9 15 42
239 286 6 157
229 0 2 182
209 286 26 101
163 140 28 83
48 167 24 140
225 44 4 148
93 122 5 144
13 142 12 46
123 60 9 31
269 135 24 35
86 269 3 174
13 280 15 170
156 56 10 36
111 236 14 91
286 112 26 37
266 148 27 160
98 200 4 134
62 220 19 113
283 268 20 131
153 115 13 173
163 25 13 142
170 270 26 14
79 295 5 156
62 43 22 5
63 78 6 190
222 0 6 164
19 261 16 73
66 276 13 122
289 78 4 191
232 61 8 34
256 241 7 35
279 253 8 172
3 20 11 33
13 65 8 122
68 109 15 124
142 73 6 108
237 296 14 14
226 14 8 45
227 277 9 76
30 126 9 188
90 95 3 199
60 0 19 109
25 79 11 76
139 85 23 69
252 202 24 148
40 296 23 129
141 79 7 21
187 207 6 135
39 18 0 56
210 119 27 131
95 252 22 185
173 220 3 163
54 32 6 66
149 199 21 116
25 295 20 111
245 66 16 147
106 13 21 43
204 232 0 181
26 15 25 146
253 83 14 167
298 203 27 37
253 116 18 127
140 90 2 194
289 174 5 145
257 49 18 106
137 75 28 106
65 204 10 56
75 269 29 145
188 2 23 112
13 94 25 1
297 103 21 86
130 256 16 169
258 273 1 123
230 278 1 108
209 131 18 20
262 6 28 81
97 69 0 2
209 81 15 68
106 187 21 139
169 270 3 179
21 113 16 175
159 135 5 169
257 54 23 127
46 5 18 6
284 280 9 49
50 66 29 88
73 0 15 163
235 292 1 100
38 257 29 160
133 33 0 183
281 191 3 106
74 274 21 36
108 265 12 60
268 109 9 139
1 32 3 193
131 215 21 151
234 155 7 52
183 167 9 13
137 156 15 162
38 216 4 54
218 98 9 137
91 97 4 132
164 44 16 71
184 95 13 199
114 49 8 134
63 31 3 35
92 6 16 116
77 152 3 141
35 194 5 121
276 259 14 77
203 39 15 5
238 103 22 26
44 270 28 177
218 231 16 114
221 37 16 14
165 39 17 122
129 153 4 180
231 82 0 116
113 209 24 165
40 181 14 36
216 172 17 168
164 187 6 58
47 27 27 127
282 88 5 35
128 261 20 57
277 63 24 56
87 68 12 72
86 39 19 118
88 295 5 116
295 249 21 124
159 198 16 46
244 208 7 64
241 148 3 150
12 60 24 170
244 113 0 21
249 16 16 47
86 261 7 140
249 292 29 160
275 23 8 4
113 272 1 48
139 195 8 163
282 103 25 82
32 293 21 149
211 252 9 128
194 7 5 65
141 292 5 101
106 91 12 40
163 250 14 52
254 98 19 9
107 182 15 39
28 34 27 32
71 251 16 121
23 121 15 90
268 93 17 12
28 236 26 66
178 148 19 163
210 1 17 8
21 91 20 17
271 182 23 85
34 217 12 41
149 139 28 88
0 268 5 76
210 280 16 140
188 69 24 62
200 33 20 119
102 185 15 113
225 131 26 68
286 87 19 97
40 114 20 138
255 123 24 70
147 122 11 52
299 80 27 85
3 100 18 143
141 87 29 15
19 123 28 46
222 195 7 120
61 176 27 97
29 131 23 193
231 245 11 74
99 119 29 191
131 164 0 87
71 287 2 34
76 149 25 91
86 174 0 199
135 211 12 125
229 196 2 70
114 151 2 47
50 17 2 165
125 263 20 168
139 172 26 75
244 49 4 82
21 244 10 182
240 224 29 124
31 148 1 88
135 154 2 7
234 113 22 88
242 240 13 127
207 260 23 148
249 239 4 147
15 130 15 5
99 105 5 79
103 100 21 50
99 20 4 187
69 169 12 43
61 234 16 138
9 12 26 79
156 192 7 36
92 116 15 176
253 150 6 68
256 221 9 186
274 276 9 186
6 190 28 183
109 289 0 122
179 69 6 101
168 239 19 155
152 185 14 70
160 284 21 153
146 165 12 88
231 228 11 68
218 254 2 43
204 12 17 95
190 296 12 182
202 56 23 34
203 281 4 153
262 138 24 104
1 209 4 36
297 85 1 161
45 33 17 111
79 192 11 41
222 217 27 72
31 228 25 167
42 31 2 18
183 283 26 21
9 21 25 71
166 24 13 121
26 218 27 153
103 239 21 12
151 7 13 44
70 79 24 138
297 266 21 102
247 223 18 125
144 153 15 10
164 20 20 136
101 50 10 126
79 204 1 148
14 269 12 101
49 199 25 70
254 97 13 78
38 85 19 102
250 123 0 3
70 238 23 154
69 38 0 187
37 281 29 121
173 57 18 169
176 182 19 169
224 248 20 139
162 32 23 129
172 226 4 36
14 174 7 31
29 216 2 117
110 183 1 189
45 94 5 53
214 194 27 92
113 119 15 25
210 165 12 51
139 161 27 105
95 56 9 91
235 35 3 184
70 43 22 121
70 163 27 134
293 68 11 16
142 161 8 190
161 167 12 68
288 230 16 64
199 44 18 31
52 274 2 129
155 1 7 104
21 34 3 46
288 134 25 191
151 247 6 84
189 47 26 74
119 266 7 3
153 13 5 179
186 265 14 22
65 81 13 96
206 76 18 77
229 223 10 34
103 34 5 99
110 272 22 175
284 68 21 41
291 189 24 80
131 289 28 9
71 294 4 43
53 229 27 179
149 60 9 50
256 85 14 60
80 235 12 17
118 85 15 129
247 92 24 92
169 62 4 193
146 80 7 136
209 276 22 136
119 228 20 21
80 237 4 21
91 187 16 106
15 268 1 21
26 35 3 57
298 276 23 45
235 69 13 150
76 270 3 69
145 264 11 12
104 170 19 103
202 1 4 153
17 142 19 132
204 250 22 165
239 293 25 39
115 110 18 175
40 242 21 56
37 31 18 40
139 35 0 27
215 177 4 126
189 207 4 78
157 28 18 90
31 156 25 174
237 250 13 18
210 29 29 83
208 50 11 136
155 293 3 143
296 166 23 105
15 138 17 107
201 218 19 119
200 143 28 122
120 54 21 199
277 142 9 60
6 133 4 43
234 75 15 173
14 185 26 50
130 248 21 99
119 59 0 123
60 174 8 147
19 281 16 22
91 298 18 5
251 11 12 27
18 158 21 131
245 1 4 9
60 92 9 166
132 116 1 24
176 247 10 185
27 213 28 175
282 125 21 92
99 44 16 31
297 153 29 35
132 243 3 142
179 135 1 188
296 176 5 189
232 91 18 68
140 186 24 58
139 186 28 35
273 117 15 79
152 253 10 163
89 26 5 57
52 44 19 173
107 248 27 2
136 20 3 93
122 102 23 23
34 222 12 145
271 34 25 83
46 18 20 101
198 295 11 114
27 96 24 34
193 136 17 63
211 82 0 90
9 242 5 102
59 48 17 94
255 227 22 67
233 51 16 192
270 152 0 111
245 76 13 200
14 287 1 102
98 219 24 90
26 117 2 25
61 214 7 103
83 297 7 180
159 5 24 167
246 243 10 76
124 218 25 9
78 140 21 180
48 240 14 147
202 192 8 12
127 78 13 47
121 107 29 145
258 251 2 90
222 263 6 105
215 136 12 38
85 271 9 96
121 290 7 57
236 142 29 94
28 185 25 3
291 274 3 95
243 286 21 12
228 273 10 2
263 150 19 171
96 207 4 194
35 21 10 136
204 142 10 175
239 196 22 27
25 261 0 174
44 175 21 3
248 222 16 37
51 247 16 89
166 200 22 64
42 173 5 130
94 145 2 160
241 126 24 120
138 277 12 86
262 133 29 49
82 229 3 148
26 240 20 14
277 37 11 94
43 64 26 87
275 135 0 87
251 189 19 105
33 112 14 106
173 282 23 51
237 239 13 158
258 155 1 96
252 182 27 164
146 43 25 78
48 194 27 89
286 267 27 182
226 40 17 96
39 99 17 148
285 279 20 186
225 194 12 200
216 254 18 51
278 56 23 153
169 64 2 135
164 217 4 166
117 14 17 43
286 125 17 175
212 39 13 4
220 216 13 42
167 156 13 112
71 59 12 23
98 269 21 139
234 245 18 43
94 83 23 76
116 39 26 81
59 104 15 102
179 152 12 76
99 14 17 119
227 282 1 135
290 20 17 108
241 215 22 62
296 123 27 27
16 93 0 66
122 170 1 87
131 203 25 104
229 267 1 112
241 201 0 186
73 224 14 176
100 268 16 44
184 6 3 16
87 51 11 161
192 25 14 89
248 215 23 132
133 15 9 59
246 5 7 80
100 121 15 169
36 191 26 80
145 65 7 82
232 226 27 39
214 190 14 90
205 83 3 169
274 58 11 71
286 225 28 120
247 243 16 125
280 169 14 25
191 243 15 165

0 5 26
1 139 40
2 145 2
3 26 11
4 272 51
5 58 48
6 117 3
7 88 36
8 237 14
9 151 17
10 83 25
11 240 53
12 44 38
13 25 20
14 109 59
15 7 50
16 185 5
17 57 16
18 76 46
19 61 8
20 184 25
21 116 7
22 154 20
23 72 17
24 228 17
25 247 44
26 153 51
27 291 18
28 229 39
29 294 46
30 217 39
31 275 24
32 146 26
33 213 10
34 279 4
35 94 22
36 33 2
37 238 14
38 207 6
39 230 34
40 203 18
41 167 49
42 226 17
43 286 25
44 174 9
45 221 31
46 140 22
47 95 17
48 195 56
49 231 11
50 90 50
51 189 5
52 1 16
53 193 57
54 208 39
55 250 45
56 211 36
57 202 40
58 84 30
59 222 53
60 36 1
61 105 26
62 219 29
63 14 40
64 287 49
65 18 18
66 206 5
67 289 35
68 282 17
69 59 57
70 98 8
71 9 39
72 201 44
73 199 29
74 132 20
75 86 9
76 149 24
77 256 27
78 268 32
79 28 4
80 37 31
81 23 58
82 142 50
83 122 30
84 235 44
85 143 32
86 257 58
87 81 0
88 198 54
89 267 41
90 218 59
91 77 21
92 255 12
93 79 22
94 249 32
95 34 45
96 299 35
97 163 18
98 227 31
99 127 23
100 220 10
101 125 45
102 265 13
103 42 3
104 82 3
105 214 54
106 258 7
107 233 49
108 285 39
109 96 21
110 80 22
111 266 46
112 124 38
113 225 38
114 69 15
115 67 50
116 144 27
117 254 51
118 161 51
119 159 34
120 269 34
121 63 11
122 65 18
123 224 9
124 92 34
125 46 15
126 56 6
127 53 9
128 107 29
129 71 49
130 4 2
131 194 47
132 97 22
133 89 25
134 70 13
135 241 19
136 242 43
137 60 1
138 150 29
139 243 59
140 102 32
141 270 15
142 157 22
143 263 7
144 212 11
145 182 17
146 253 27
147 22 49
148 64 18
149 113 38
