999 2997 499

2000

208 179 16 108
945 461 29 165
600 689 6 154
133 306 17 93
325 464 25 191
628 799 9 138
908 276 26 145
738 27 21 94
33 335 17 28
77 253 8 182
759 5 3 63
838 891 20 44
64 816 16 15
783 970 23 141
858 386 21 178
310 895 24 3
124 425 21 133
36 518 5 148
932 63 17 159
873 299 23 130
184 61 14 75
614 175 0 106
626 923 0 186
997 924 13 117
789 120 25 79
697 33 29 153
808 792 13 161
993 459 21 144
555 980 0 181
557 699 27 192
465 332 15 89
921 554 24 154
67 516 3 122
263 595 18 60
805 145 17 55
81 327 26 63
777 983 17 36
975 456 13 9
155 73 14 104
523 455 25 180
913 335 20 151
56 430 27 21
662 698 17 88
740 883 3 109
371 705 14 144
956 381 20 180
397 38 18 13
373 919 22 41
815 323 11 116
528 387 29 163
246 653 8 12
705 535 15 156
583 803 25 41
714 39 2 145
420 542 24 66
766 865 7 139
780 252 9 106
455 340 16 72
547 640 13 107
31 111 24 59
785 961 7 31
983 213 6 56
977 725 0 109
720 635 10 17
745 317 14 138
933 190 14 107
681 511 19 21
698 68 11 121
476 688 20 178
231 117 13 153
748 752 25 56
178 199 23 170
768 340 6 163
194 458 14 180
290 542 17 98
15 286 3 96
478 918 15 18
241 388 16 188
735 613 12 185
410 948 18 144
633 566 22 28
183 896 17 187
737 437 21 18
611 71 24 119
935 211 19 15
327 887 2 129
667 123 23 74
210 102 19 98
252 469 3 183
775 479 6 137
516 522 15 157
844 554 18 142
522 548 18 1
128 902 7 160
596 922 9 34
298 703 11 8
657 544 6 43
374 804 2 20
641 551 20 92
397 291 24 197
835 739 25 72
404 145 17 49
902 875 6 73
116 220 23 130
409 711 15 152
702 498 23 77
853 901 17 197
273 461 5 100
996 419 22 125
47 552 1 76
887 73 11 198
633 945 1 40
791 317 21 189
810 209 15 100
619 375 2 113
805 470 22 115
653 645 8 118
66 684 18 106
781 829 27 19
344 397 12 26
615 935 27 132
75 211 19 194
128 399 10 49
650 352 14 90
577 303 8 149
199 132 10 153
935 685 26 71
668 720 29 192
414 359 29 92
993 404 0 45
497 827 12 139
589 957 9 122
466 100 18 8
111 103 8 179
829 206 5 162
548 281 12 59
448 412 7 141
395 114 4 191
766 337 10 57
127 571 29 185
342 370 11 153
986 836 27 126
266 580 15 61
653 872 18 129
302 738 10 24
226 87 20 150
303 830 13 106
698 696 3 176
550 871 18 175
142 793 27 124
774 623 6 38
978 714 17 19
883 11 1 11
563 300 23 124
197 634 6 21
257 664 4 104
365 789 3 97
811 462 9 148
606 377 15 126
642 249 14 34
829 925 11 175
207 351 23 64
662 103 11 36
885 32 26 159
982 931 27 73
560 952 28 189
741 105 27 61
88 344 16 84
498 604 8 188
83 665 3 2
642 413 5 86
391 379 0 183
523 732 28 126
75 4 16 153
682 896 24 44
685 293 9 139
775 791 2 187
439 493 29 17
602 166 1 35
703 510 7 198
238 50 23 40
169 775 28 31
658 668 21 169
327 814 8 78
269 261 13 106
853 507 2 143
332 790 3 147
481 857 21 110
496 368 7 167
978 57 22 127
422 759 20 38
234 651 28 196
515 7 15 115
225 208 9 91
149 539 9 22
103 76 27 174
195 397 10 59
368 258 9 161
651 335 6 177
948 172 13 39
172 251 22 12
778 119 16 157
92 889 0 20
876 846 18 157
756 868 5 132
923 17 12 37
351 586 16 52
339 170 16 70
825 440 16 167
264 790 12 149
128 344 9 37
34 874 6 13
528 543 27 2
159 594 3 139
647 925 18 53
602 661 23 129
784 245 5 75
159 995 14 164
348 430 1 33
331 91 15 109
982 4 24 149
511 278 27 3
794 396 26 78
254 92 13 144
84 963 17 199
860 136 16 8
168 899 6 169
250 52 4 29
716 459 16 54
743 180 0 110
772 460 23 182
740 527 21 187
82 514 15 5
295 34 12 138
928 132 4 67
995 537 16 5
52 343 19 195
943 237 21 26
681 410 13 125
829 463 9 50
65 245 24 20
713 340 4 194
494 528 25 121
301 553 2 117
635 914 25 118
124 11 25 64
952 559 28 163
416 16 6 5
841 728 13 172
290 928 26 1
259 316 7 185
822 129 11 197
39 856 28 165
422 488 21 57
537 648 20 152
517 929 22 140
147 957 20 85
126 498 20 93
734 747 10 149
340 722 21 190
161 279 28 146
302 281 1 147
315 841 28 148
478 173 4 191
840 158 21 55
445 774 28 192
564 700 10 99
961 413 6 190
821 716 21 35
549 228 25 32
688 730 0 135
568 737 13 79
107 771 1 2
399 705 10 32
913 679 17 157
918 506 19 142
769 725 23 42
677 188 27 86
586 530 21 169
181 642 2 138
55 871 9 87
62 67 8 167
673 9 15 73
366 533 9 39
476 891 16 70
524 51 9 103
62 279 0 35
34 730 29 17
319 754 28 196
634 658 28 28
59 842 21 33
986 850 18 87
139 821 2 190
253 725 25 90
293 243 12 147
973 71 24 117
260 742 22 50
241 701 8 198
811 359 24 20
187 436 19 112
879 951 9 44
751 152 16 71
184 112 1 90
966 954 9 21
562 180 19 170
534 849 0 143
996 360 17 18
98 298 7 152
145 740 24 63
831 289 5 85
961 401 27 113
109 302 28 56
234 838 21 42
286 175 3 110
406 673 2 171
376 666 12 97
907 469 20 119
631 326 21 22
381 850 20 62
618 256 13 104
212 515 28 84
398 976 28 27
355 350 10 63
402 596 7 50
265 49 12 12
13 674 2 17
918 225 12 51
239 183 1 28
753 231 6 46
496 780 12 174
84 470 9 6
84 170 27 99
837 812 16 174
564 370 22 190
780 116 15 126
240 878 19 3
244 832 29 178
929 334 9 143
358 733 23 176
252 891 28 43
374 319 2 6
598 676 10 110
891 336 25 97
813 958 20 191
993 590 21 126
973 14 9 78
470 793 25 52
891 556 15 129
352 801 7 132
279 249 14 97
925 781 14 81
666 289 16 18
402 339 17 10
617 486 11 19
431 61 17 190
326 841 26 145
521 663 20 171
890 754 11 193
352 654 17 82
73 125 26 104
387 877 16 200
970 555 0 188
794 572 24 46
775 656 11 80
859 918 26 178
247 249 2 84
503 302 22 180
469 66 26 154
692 57 4 178
322 355 13 2
762 120 1 189
247 786 6 63
226 991 14 162
911 848 26 168
495 980 11 82
572 360 7 128
291 561 23 138
945 463 19 71
563 423 20 27
170 737 18 182
505 630 24 99
670 791 7 31
68 469 3 27
328 975 17 2
576 402 11 111
942 181 18 89
49 923 3 168
200 343 3 5
803 908 20 173
535 840 27 143
185 872 20 126
503 810 29 8
572 716 22 24
36 736 6 137
896 787 12 124
617 760 16 92
857 625 18 64
944 687 6 96
838 820 11 28
490 883 7 130
723 366 6 150
175 678 11 151
9 109 25 111
928 475 28 18
624 703 0 195
158 146 16 36
43 269 8 181
708 940 26 103
901 735 13 193
934 886 25 18
714 504 27 112
465 493 29 81
487 392 17 88
663 753 11 26
837 696 18 73
600 852 14 120
3 337 6 128
515 760 21 179
364 315 5 184
980 547 16 31
58 665 17 37
573 976 15 185
287 908 3 159
635 15 7 189
749 6 7 133
539 29 8 163
337 809 3 119
857 97 8 37
966 820 10 171
24 602 9 82
484 834 12 1
704 147 27 174
886 503 29 190
456 542 18 16
835 781 20 77
899 524 20 90
674 282 7 89
577 547 27 109
540 330 17 93
128 695 24 58
785 516 11 148
542 78 12 170
486 945 28 89
538 337 13 200
64 998 18 129
620 50 3 41
798 176 4 68
847 631 25 11
643 55 11 31
496 537 2 83
542 547 1 189
431 968 17 61
645 843 29 161
766 473 5 144
222 74 25 30
232 648 27 87
81 56 27 127
841 147 28 57
481 951 19 15
257 178 27 90
151 216 4 162
649 907 9 200
201 457 18 82
74 568 12 63
544 381 10 164
129 858 10 22
5 452 16 40
920 645 7 55
539 440 2 44
733 166 19 178
751 78 24 34
993 736 25 67
704 415 3 5
131 750 0 56
441 464 3 40
154 781 3 180
396 362 17 23
705 989 23 134
712 19 28 164
31 824 20 115
859 270 10 51
249 223 27 24
144 733 20 31
314 918 28 104
529 958 21 147
475 243 15 180
749 682 18 153
856 825 11 142
529 981 18 70
108 602 3 45
288 325 8 60
778 714 21 157
771 526 19 7
182 713 18 108
553 200 21 121
163 661 24 69
858 511 25 38
754 741 7 161
878 431 6 80
954 152 13 153
183 90 9 60
987 915 20 69
437 825 5 19
67 777 23 104
822 545 25 195
863 17 10 162
942 371 24 83
74 340 21 61
446 996 9 34
478 289 19 64
743 340 16 9
114 744 24 175
414 893 4 20
936 130 10 25
131 385 2 125
789 310 7 1
671 721 13 193
665 398 23 149
235 846 12 81
471 258 4 130
456 94 20 130
897 907 13 118
923 641 6 38
985 221 29 180
592 662 29 137
985 133 12 164
103 176 21 100
131 737 19 169
395 806 19 78
694 302 29 25
420 833 10 117
765 556 2 160
566 942 17 169
702 106 20 173
761 883 5 34
912 131 12 11
300 617 25 149
103 789 16 81
951 377 3 100
259 523 24 187
378 812 19 99
103 258 1 87
52 848 27 19
858 105 24 65
670 439 4 138
122 971 3 48
667 615 28 57
224 255 7 94
236 244 16 165
896 651 10 76
239 77 21 95
38 458 7 91
426 905 7 140
376 979 9 125
616 489 16 24
10 208 18 166
336 382 21 194
79 275 15 192
697 646 16 112
311 821 0 91
979 718 29 91
453 335 11 184
970 17 13 112
570 250 13 47
912 485 10 23
650 729 5 81
565 232 25 61
706 166 3 95
147 674 26 10
181 160 5 1
197 374 2 60
844 219 29 152
523 184 29 138
808 148 16 173
260 280 17 1
218 536 29 175
817 711 22 163
60 149 18 89
736 35 23 171
467 818 6 169
240 658 16 130
316 837 18 115
687 278 16 102
938 446 22 172
329 424 29 85
118 222 4 103
958 297 10 78
592 174 4 59
262 511 4 48
663 331 11 35
77 733 26 153
92 34 11 165
943 825 16 169
107 723 29 140
154 881 20 132
507 835 16 190
313 373 27 164
463 784 26 166
183 385 28 140
620 663 20 179
44 960 29 134
303 824 18 135
541 140 21 78
617 579 15 105
841 297 29 141
855 182 15 148
87 192 13 167
795 522 19 110
743 95 8 21
307 718 19 33
61 241 18 188
656 207 13 53
221 564 16 132
304 128 4 28
591 138 11 66
13 624 3 125
877 319 8 30
847 426 26 186
782 584 5 117
682 144 0 57
151 875 23 16
799 57 21 159
427 235 14 123
593 209 21 136
409 151 19 16
576 191 14 49
498 394 4 50
879 41 3 182
454 162 29 26
455 226 3 172
850 717 10 85
781 338 19 97
222 331 6 59
69 683 24 22
323 915 26 26
752 574 2 68
679 577 15 89
509 915 5 68
838 846 0 86
350 900 1 61
128 226 7 65
627 998 12 178
701 24 21 78
938 45 3 58
100 500 10 54
528 435 27 190
299 109 20 54
592 11 29 199
464 628 28 159
678 255 14 165
202 215 17 93
592 579 10 105
116 536 21 129
400 116 13 123
61 411 6 39
329 208 19 181
90 554 18 64
574 998 10 102
513 14 11 184
399 328 24 136
849 113 6 9
938 715 17 59
878 691 25 46
306 652 12 55
193 645 23 153
390 799 16 118
56 766 19 87
365 667 23 151
749 884 19 150
684 814 0 93
232 110 24 78
195 135 25 142
484 567 25 61
131 50 13 149
970 246 3 161
24 398 9 160
590 131 12 66
101 222 27 98
125 850 13 52
789 70 12 170
799 214 19 10
720 772 6 170
726 451 2 158
834 944 29 177
470 156 18 122
577 570 2 89
290 525 8 51
610 294 29 42
699 500 5 16
212 810 9 29
314 4 20 119
578 960 6 58
212 488 1 81
627 316 29 19
580 169 29 177
904 869 1 166
70 567 25 152
381 34 6 87
851 952 0 44
364 521 20 132
764 83 24 61
491 141 14 47
175 641 4 190
42 688 26 128
724 982 6 178
731 537 13 40
182 570 24 20
426 325 3 39
403 118 18 166
133 752 11 110
981 428 29 43
516 462 8 182
796 539 15 149
888 40 15 191
470 754 14 96
120 502 14 186
125 397 26 165
443 283 3 16
427 640 8 112
150 128 24 96
148 50 20 42
603 887 3 189
12 228 1 8
730 600 19 93
254 151 2 146
833 90 17 180
268 812 7 60
89 452 12 39
165 959 15 56
953 449 9 153
23 539 9 51
864 397 4 154
438 634 28 20
844 755 1 27
384 105 0 112
402 22 6 27
759 934 22 152
541 720 25 108
645 660 17 9
656 692 18 166
452 323 4 59
340 486 29 52
580 903 3 115
886 450 27 11
168 863 15 178
293 720 11 158
746 988 23 59
962 113 7 172
993 723 12 25
110 316 6 95
585 19 21 6
262 775 0 119
149 467 2 141
660 893 28 142
319 149 23 1
368 709 29 18
87 764 22 35
468 700 2 134
55 285 7 49
373 63 25 184
591 85 15 1
419 709 18 76
881 786 8 58
578 758 23 192
680 400 22 164
854 721 13 55
369 163 13 27
591 798 20 118
105 483 10 152
473 464 5 18
674 177 8 79
228 160 29 23
448 409 18 146
33 89 14 50
33 738 1 116
612 697 5 1
626 254 7 199
48 75 0 61
865 615 9 199
675 641 2 15
788 196 20 37
92 531 27 88
276 122 18 53
656 897 6 88
415 814 16 81
295 90 24 80
149 27 4 51
203 551 16 175
25 989 21 118
246 409 27 9
453 248 14 126
268 962 6 179
60 205 14 124
491 276 15 16
740 958 29 19
218 68 27 24
6 45 8 29
635 703 12 28
444 678 15 118
320 81 20 43
671 293 14 176
838 828 3 192
382 182 26 46
654 391 6 17
304 839 22 161
323 819 2 34
454 796 18 134
206 466 12 160
884 969 4 46
864 768 3 62
941 697 24 69
969 147 3 155
221 477 9 171
899 992 18 122
413 813 1 70
846 156 20 113
660 553 28 165
820 140 19 130
812 925 14 175
747 787 28 142
179 689 19 66
678 79 4 197
375 566 14 13
288 615 17 30
86 383 23 23
282 611 15 102
711 316 20 116
895 788 12 193
525 229 7 47
98 960 4 170
720 112 14 139
101 532 1 113
172 826 23 129
352 479 5 191
81 740 20 198
645 448 7 92
534 674 5 74
725 344 7 26
355 539 11 185
180 218 6 32
854 275 18 21
856 62 6 87
288 497 18 83
158 496 13 104
6 31 13 26
446 363 11 189
707 356 22 175
346 614 1 171
794 546 22 195
149 305 21 86
425 908 16 59
315 681 23 61
261 527 28 143
477 373 20 26
333 699 1 124
944 483 10 51
778 881 4 67
903 977 18 124
109 923 13 103
523 580 26 74
951 617 9 122
157 357 11 9
512 329 4 41
446 812 3 135
318 745 19 43
924 675 23 144
83 114 14 151
317 994 10 192
849 379 0 83
749 723 29 155
847 30 24 21
47 417 5 161
50 32 9 94
137 618 0 130
215 277 21 162
953 748 11 70
54 719 0 137
644 103 2 16
73 13 9 153
466 934 5 70
332 257 8 138
992 249 29 107
695 438 18 152
418 894 18 109
786 964 8 53
556 752 14 88
639 712 13 149
550 228 2 16
653 162 6 192
269 39 23 43
244 42 0 163
414 508 11 13
798 70 27 22
923 756 17 105
130 989 23 176
669 986 13 23
24 113 22 23
68 83 21 41
501 564 17 24
379 691 12 125
363 615 7 93
310 819 23 14
47 530 14 194
518 525 27 123
581 902 27 63
815 499 21 182
235 100 27 58
669 768 9 133
77 204 11 42
407 676 14 29
821 243 7 156
920 778 5 122
384 746 15 130
864 34 11 121
539 575 13 143
967 690 3 31
666 64 9 164
227 681 2 142
407 865 13 134
18 913 2 103
621 88 2 198
291 57 28 51
429 735 6 15
882 235 2 184
977 251 27 148
310 20 14 19
886 956 5 159
482 717 21 184
801 391 14 35
296 960 11 43
847 353 29 3
346 601 16 35
586 444 14 105
120 696 1 129
662 502 28 56
709 203 0 62
962 749 3 66
608 967 9 138
64 29 22 155
17 417 2 166
590 347 16 140
46 345 18 123
266 712 1 169
220 11 3 104
664 479 18 171
477 522 12 152
467 782 11 14
878 730 17 33
812 289 5 76
403 422 19 150
750 422 11 1
659 402 16 54
394 121 22 189
281 892 18 44
777 464 2 45
837 221 15 165
402 623 14 34
629 409 8 141
96 693 18 80
396 465 14 130
762 243 23 48
920 974 17 110
235 545 5 71
927 388 24 66
233 130 27 85
490 215 8 62
409 609 20 191
330 516 24 154
106 235 7 70
824 487 29 24
410 724 22 5
308 156 29 15
704 612 18 198
473 971 18 89
916 82 9 110
877 691 2 158
684 315 13 196
742 776 16 95
392 724 21 150
261 79 26 60
937 500 2 93
195 835 13 71
378 446 8 100
986 954 6 47
885 124 25 197
952 410 16 14
601 293 10 35
593 730 15 99
384 247 17 49
593 788 6 200
669 62 26 154
726 495 2 68
419 529 23 63
655 384 22 3
776 402 9 180
439 512 9 193
415 732 12 171
533 439 28 3
996 514 15 151
893 325 27 175
723 22 22 42
379 119 15 166
388 51 21 192
257 51 28 153
131 861 7 154
602 418 0 121
794 415 2 84
472 316 18 109
377 186 10 38
777 760 23 59
988 314 4 194
412 650 7 153
449 646 26 183
731 75 1 168
679 622 13 5
419 40 7 155
82 740 7 66
914 376 21 81
218 317 2 16
944 356 16 183
385 561 16 197
350 14 29 123
98 934 23 66
811 555 24 114
864 819 21 53
283 479 18 163
462 681 24 31
714 186 19 113
520 536 10 30
679 501 9 61
595 320 25 75
512 284 0 146
149 949 12 117
525 148 20 55
228 685 6 133
541 873 23 153
842 8 16 144
524 127 25 166
40 571 12 49
704 270 24 139
687 477 25 28
405 684 21 47
749 37 28 131
974 577 3 110
665 38 12 117
412 106 4 126
425 106 18 90
696 987 10 85
753 779 9 136
213 217 21 90
579 666 21 154
884 82 9 87
624 511 0 140
596 279 27 126
871 567 0 15
724 531 8 41
747 854 22 43
168 297 7 136
2 728 24 8
70 794 16 126
684 343 4 20
255 911 5 148
621 25 27 57
547 622 23 125
395 727 28 164
407 103 12 32
622 403 25 151
652 550 10 162
932 269 19 15
492 92 16 9
444 570 23 31
650 8 12 58
945 447 2 131
598 38 15 164
572 498 12 189
278 607 20 67
181 650 6 132
934 737 16 126
635 522 13 200
242 657 7 161
377 887 4 56
931 328 18 179
508 443 24 12
119 50 7 41
168 875 18 59
137 187 1 177
212 824 24 78
857 570 11 16
986 948 4 3
522 627 13 157
810 94 24 123
674 987 27 52
356 755 7 164
777 803 27 12
117 644 18 128
156 565 17 9
599 756 26 116
613 411 1 10
387 930 26 74
963 951 5 132
932 726 17 103
859 381 8 6
223 176 8 157
123 888 17 155
567 656 17 91
768 184 3 51
869 860 9 168
934 903 24 49
410 251 23 76
510 731 22 38
921 835 21 63
467 14 12 69
764 427 19 136
679 73 4 22
813 213 0 23
459 26 14 99
228 217 22 35
984 696 9 86
731 668 7 53
823 634 7 65
991 266 3 43
162 230 15 100
101 542 20 38
736 127 5 179
346 134 9 13
261 740 25 157
97 141 16 151
950 275 16 22
574 596 24 20
356 633 18 93
337 831 13 197
286 41 3 151
655 740 17 56
641 154 1 27
787 348 27 197
734 478 13 52
761 270 29 92
928 685 25 10
55 486 21 196
556 427 18 145
365 599 2 165
154 451 6 136
695 806 5 80
584 217 19 67
929 760 2 193
470 213 17 89
710 135 25 84
319 569 18 151
615 696 12 85
153 972 23 156
842 860 11 38
234 688 29 75
378 366 25 181
496 270 11 36
484 835 28 187
471 175 7 99
469 643 16 110
316 84 20 191
370 78 7 192
743 913 16 52
333 213 8 126
448 732 1 121
283 268 1 18
35 179 7 43
312 476 15 122
48 573 3 113
748 651 23 110
99 337 5 6
343 649 13 78
291 104 4 50
140 736 28 105
956 541 0 177
58 858 7 143
276 658 29 58
172 399 15 113
606 232 4 9
485 250 10 107
517 112 26 22
808 774 19 57
710 642 10 188
944 677 14 119
53 777 11 26
758 365 7 63
902 893 7 101
157 214 1 63
540 908 10 173
173 935 6 64
691 95 27 131
934 843 3 73
557 796 27 186
952 417 1 82
947 444 7 155
487 166 12 177
502 871 11 134
438 801 7 136
821 330 23 96
316 295 18 13
93 204 6 136
122 247 29 64
26 429 17 137
123 356 7 33
669 203 15 75
136 976 24 160
548 207 11 66
301 192 29 26
888 716 23 109
961 175 5 91
546 219 7 153
641 258 19 159
831 531 11 91
124 893 15 175
45 11 6 129
428 323 6 186
697 673 5 170
91 943 29 194
43 213 12 169
941 570 3 3
306 109 4 46
780 605 22 103
207 49 11 101
159 898 0 180
397 240 18 13
653 121 1 116
176 829 29 19
956 349 22 184
969 234 23 186
741 875 4 44
952 415 22 143
600 574 28 3
728 563 19 91
150 218 8 100
791 668 13 143
278 678 8 122
393 360 20 157
236 222 17 187
292 837 16 144
52 94 26 163
407 519 5 84
629 620 0 127
376 578 12 121
546 385 26 18
199 186 24 44
167 927 20 28
599 650 29 174
39 336 2 197
275 58 29 131
995 531 8 6
250 614 4 181
765 63 24 33
129 284 15 199
68 396 18 196
449 332 16 170
621 306 28 171
734 964 28 147
245 763 9 27
649 69 3 106
460 132 6 103
650 652 26 197
995 652 1 102
738 388 13 27
391 635 17 122
116 650 28 138
697 156 24 147
335 59 9 1
483 637 3 67
955 115 3 70
534 347 5 24
93 747 22 98
662 384 17 29
275 351 5 128
400 971 28 136
394 525 0 66
211 448 9 173
762 118 26 12
392 156 29 50
859 563 4 54
472 631 16 178
390 925 24 174
920 898 10 34
237 635 15 52
146 260 12 15
713 335 20 101
201 580 23 77
712 216 3 200
787 486 19 161
368 659 13 52
557 452 9 193
800 781 21 72
513 790 7 150
574 464 22 9
320 745 2 73
850 508 27 56
896 880 4 147
37 264 16 193
928 768 4 99
345 378 0 61
866 787 15 189
640 28 22 33
31 604 10 117
398 470 9 37
213 971 12 8
753 874 14 22
181 13 2 19
457 468 10 12
881 817 12 137
327 175 28 124
742 531 25 90
801 555 12 47
677 540 19 127
795 850 2 122
585 173 8 55
646 118 13 108
960 278 20 85
376 876 23 27
588 727 4 119
837 843 3 16
552 596 23 160
169 777 18 30
137 861 18 120
951 20 16 190
30 987 2 55
656 131 5 142
425 818 11 101
602 837 15 29
428 770 15 69
803 866 20 9
955 518 2 165
532 489 23 90
941 191 14 47
359 162 18 60
636 257 4 43
120 67 19 97
219 720 13 92
355 951 17 148
88 207 24 150
873 68 12 127
471 357 20 38
404 617 18 198
532 716 4 58
938 287 28 186
963 727 17 5
801 893 9 23
303 14 11 45
190 723 18 118
322 781 4 172
230 369 20 27
541 900 25 34
734 77 13 88
827 899 16 161
849 979 22 33
297 655 16 151
214 246 9 62
920 983 21 40
207 715 13 12
825 333 23 130
303 638 29 84
898 968 22 183
728 718 6 106
691 867 21 55
9 55 20 88
218 710 6 171
426 780 23 72
465 966 13 115
970 802 12 46
992 692 3 41
193 45 24 92
30 815 28 11
760 988 9 147
92 927 18 101
305 709 18 152
471 975 28 132
183 622 26 173
47 452 2 4
523 120 10 28
984 686 7 179
779 115 4 80
144 232 6 4
587 77 4 156
574 962 28 198
118 577 9 81
126 456 20 122
124 130 20 181
550 295 13 32
901 125 2 54
499 643 25 3
738 480 2 139
33 552 17 168
269 773 20 20
221 537 7 83
124 883 10 69
248 279 27 146
288 936 21 158
411 607 14 152
153 343 15 54
30 196 17 107
663 736 0 19
644 750 25 14
579 417 14 172
322 501 4 72
227 91 20 72
656 791 4 84
145 512 8 140
873 769 12 55
49 223 3 41
236 379 10 52
271 790 3 59
744 452 13 3
127 754 7 99
536 92 12 174
760 62 4 62
397 175 24 155
897 810 17 68
960 931 28 141
701 689 26 90
608 43 5 170
126 318 24 136
477 828 14 198
365 488 26 107
559 137 29 159
411 105 16 172
507 338 16 128
103 624 28 48
537 414 17 14
84 399 6 134
632 346 20 182
850 515 11 156
241 208 11 197
909 333 11 18
689 757 5 173
628 130 9 173
675 328 28 15
187 839 7 70
277 612 7 84
36 91 10 177
252 561 24 34
645 551 26 62
247 372 19 142
558 967 21 99
492 173 11 60
946 904 23 175
413 624 13 72
62 387 2 65
325 2 2 113
588 637 21 47
444 387 14 72
697 522 19 112
585 363 10 77
599 886 27 42
968 601 16 91
198 201 11 68
717 551 22 47
640 96 21 110
869 236 9 77
177 4 23 60
873 337 13 4
306 703 18 119
992 188 9 157
634 957 3 164
213 664 7 127
623 455 27 178
639 576 2 77
650 247 11 80
203 157 22 46
952 95 18 77
66 651 5 125
489 104 11 150
319 814 15 183
686 670 7 68
190 889 19 200
297 314 12 131
344 312 26 126
950 828 19 45
886 690 0 195
604 712 27 149
868 103 0 183
903 919 1 188
688 684 9 13
224 90 2 167
392 717 8 161
835 95 1 142
84 823 23 105
948 681 3 6
420 58 29 41
472 608 24 169
22 491 23 124
459 483 24 193
568 907 28 122
668 912 26 81
208 194 11 100
14 734 8 196
856 28 0 74
516 763 0 99
405 468 14 118
158 231 6 11
817 450 2 79
637 521 7 61
736 374 27 135
817 218 28 109
187 989 11 109
685 42 27 27
378 397 17 19
801 493 8 77
210 931 16 8
51 387 17 107
869 155 11 168
701 704 13 65
741 544 15 175
952 121 17 57
804 87 19 154
792 653 11 70
542 766 17 134
945 804 18 2
736 559 26 167
333 992 18 42
780 318 2 51
816 305 17 180
275 966 29 164
63 325 5 63
533 192 26 49
884 288 2 19
588 30 2 141
904 906 4 69
286 561 22 15
301 722 10 85
701 296 18 192
65 342 2 184
31 273 18 152
951 779 15 22
599 239 11 106
134 92 7 140
966 550 0 155
554 529 16 43
325 157 29 159
581 165 1 152
403 496 20 188
959 245 28 98
474 78 6 117
663 823 27 167
255 985 6 200
250 902 11 191
508 256 6 57
316 79 3 175
347 775 17 4
443 877 9 192
40 869 11 71
60 398 12 190
510 794 9 54
587 48 19 17
741 326 9 53
698 194 24 191
83 50 12 25
665 293 6 39
245 756 26 39
17 737 16 104
213 926 17 92
889 394 17 168
839 923 14 155
882 446 22 85
955 484 26 179
610 732 9 32
569 110 24 166
749 591 12 61
573 158 22 67
205 793 17 117
341 830 0 12
751 195 1 76
436 864 20 73
190 64 12 187
614 324 1 3
803 332 5 38
923 891 11 34
708 328 13 191
110 256 15 80
507 26 25 1
320 206 12 115
41 777 22 79
904 418 29 143
44 357 1 171
121 550 26 26
98 101 12 111
935 830 9 54
280 950 25 191
727 545 24 195
123 789 10 172
694 237 23 186
263 688 28 83
150 387 17 50
795 240 3 52
932 212 1 71
725 3 24 132
505 348 16 102
523 844 25 155
558 650 7 107
779 176 19 191
118 877 5 51
151 300 18 15
540 681 20 74
423 844 8 200
622 302 19 39
54 505 11 108
400 953 16 19
235 491 0 198
457 722 20 85
839 660 3 159
522 148 28 184
478 159 9 164
973 519 12 11
849 366 10 198
246 266 26 177
797 933 1 137
127 647 24 111
657 724 8 197
368 343 11 193
120 258 23 184
980 340 21 101
571 43 21 122
446 732 29 110
957 624 5 159
609 405 10 98
930 123 18 137
692 423 14 164
903 76 1 107
990 327 4 131
206 175 0 95
678 923 24 89
734 910 24 145
513 369 5 21
106 109 2 74
634 371 5 138
109 574 24 142
72 269 27 29
864 433 7 94
745 831 7 123
270 167 11 63
171 142 19 65
756 960 3 129
658 594 16 130
341 338 2 184
20 180 27 100
383 306 23 151
373 278 2 131
631 191 6 104
40 949 28 85
582 183 4 45
951 924 1 29
331 578 25 154
356 896 21 88
123 311 6 89
213 906 28 170
411 5 7 85
104 642 0 146
207 706 15 159
232 221 25 194
730 928 13 100
126 883 2 8
369 989 13 20
842 189 8 72
926 56 3 13
671 96 25 152
179 682 28 62
936 962 7 162
122 250 27 21
698 30 1 189
335 509 6 49
762 18 24 44
221 819 12 185
774 14 27 150
970 692 23 3
828 659 7 76
410 228 13 77
771 649 15 94
354 260 13 72
1 714 22 167
460 391 24 24
372 318 20 124
982 139 14 190
400 241 7 121
624 174 27 21
364 677 5 196
289 59 29 8
308 821 20 192
937 893 6 43
146 362 10 36
138 651 12 86
664 667 1 121
518 821 24 125
223 281 26 79
126 149 10 130
362 911 4 184
270 676 4 9
105 322 29 19
84 884 8 179
358 519 10 107
374 331 3 20
216 247 13 126
575 595 4 142
364 377 15 142
400 711 10 83
583 397 3 116
395 717 25 182
549 602 1 184
196 91 4 131
741 588 2 1
873 90 8 99
441 239 20 43
995 796 19 17
436 16 17 172
371 852 19 31
25 552 14 199
912 307 13 34
519 945 27 106
982 749 28 81
444 340 11 71
847 354 11 18
248 226 16 46
635 621 8 85
100 824 9 73
380 19 28 136
992 381 14 150
187 516 10 129
950 353 24 49
276 33 19 119
927 707 6 168
334 177 1 161
813 901 6 165
379 683 29 93
335 182 28 152
300 954 7 139
662 770 1 42
120 705 29 175
307 358 15 106
743 498 19 3
330 889 21 44
611 388 22 194
641 63 28 165
256 259 12 62
605 912 9 121
150 470 29 67
145 504 6 6
661 390 17 138
937 522 29 54
510 841 1 47
531 363 8 192
916 444 7 43
732 524 23 199
256 848 6 99
723 298 27 153
411 280 29 126
253 356 27 74
629 581 2 115
750 445 4 135
68 752 2 17
720 575 1 195
256 588 6 30
251 914 26 5
841 423 19 145
413 173 9 96
447 966 7 191
170 697 26 74
22 650 11 41
770 262 3 38
294 464 16 180
261 556 0 98
527 98 5 64
884 781 3 186
970 183 24 154
983 534 21 130
612 629 16 67
209 600 3 160
435 873 26 158
810 447 15 136
565 810 11 13
654 412 12 45
728 239 6 109
714 193 4 63
4 806 9 30
287 237 10 104
673 637 16 132
483 439 1 166
180 487 21 176
237 523 8 20
576 573 2 184
7 737 16 40
480 522 8 162
584 243 18 150
325 205 9 157
187 808 17 44
319 483 15 129
72 197 3 197
693 44 6 98
631 855 24 38
652 145 22 152
599 911 7 123
633 850 27 82
155 456 7 67
59 978 16 103
524 140 16 168
784 736 24 27
83 862 29 72
456 664 8 112
760 363 2 119
965 70 10 10
944 107 14 3
794 777 1 90
683 885 17 134
879 563 5 140
582 97 26 31
755 298 9 41
820 341 24 9
13 585 27 6
840 912 8 195
852 906 18 171
162 189 11 103
534 457 5 125
475 119 28 179
733 287 9 100
853 217 19 138
794 147 16 54
249 251 5 60
479 822 7 82
899 834 10 90
627 179 20 165
33 120 12 187
103 498 13 41
63 584 25 90
251 326 9 65
304 319 6 157
650 803 19 54
762 829 28 15
166 114 9 133
449 114 10 167
699 425 1 167
776 262 11 160
52 321 5 7
62 746 23 119
263 953 28 72
938 204 18 112
276 75 10 125
645 537 22 105
85 980 11 46
842 98 11 44
787 155 26 138
308 981 14 49
142 202 10 111
141 216 6 82
815 493 13 91
468 653 8 158
944 110 24 199
242 958 5 119
976 674 11 71
149 702 0 196
235 302 24 140
11 949 14 136
165 832 5 146
886 153 7 97
888 976 6 106
74 141 13 33
260 754 24 49
418 808 3 112
215 434 20 150
112 110 9 192
426 576 4 56
795 148 4 159
55 574 23 134
765 962 16 73
7 690 5 133
474 227 15 60
483 201 14 190
333 30 17 74
31 236 11 14
417 776 27 27
903 119 21 180
69 370 2 168
109 407 27 78
398 507 7 73
760 233 17 132
887 468 22 151
335 546 26 67
696 803 2 123
422 452 7 27
861 932 5 189
184 251 12 194
400 626 20 62
297 384 3 39
118 4 7 95
815 867 7 24
903 216 27 143
920 640 20 116
143 645 21 145
172 596 11 17
812 186 28 108
466 533 15 64
484 646 26 153
879 386 15 148
435 828 7 24
235 376 18 15
442 526 8 188
944 440 18 141
93 611 13 2
565 783 9 150
978 427 26 14
456 711 12 192
610 478 13 142
527 773 27 11
411 821 1 141
490 605 9 179
623 752 27 9
620 265 21 2
714 205 12 37
801 79 8 3
475 431 22 16
482 177 7 184
824 401 17 172
529 539 11 141
314 88 24 1
379 132 8 11
531 459 25 95
694 548 12 150
399 972 21 71
911 951 15 176
785 158 13 19
901 116 4 123
197 115 18 121
314 762 26 58
593 500 17 196
638 606 29 193
80 218 29 138
152 91 14 176
919 15 9 95
176 832 0 181
230 762 23 89
25 762 10 119
589 457 1 123
665 162 28 147
536 705 7 26
264 608 20 107
180 912 9 123
843 12 4 194
496 180 1 34
235 559 12 57
333 91 0 100
130 351 5 53
514 598 2 47
35 947 13 174
43 225 4 29
523 202 18 130
404 945 20 156
393 7 14 192
166 379 0 128
311 136 6 78
884 684 17 56
574 774 25 116
311 344 24 181
158 176 2 150
885 856 22 95
473 786 25 6
949 533 19 143
14 698 19 143
43 379 6 13
518 181 24 187
109 290 3 124
213 930 5 6
400 942 24 65
572 800 15 64
675 783 6 160
170 650 6 127
708 319 17 56
429 85 21 67
290 108 24 105
682 889 28 105
529 54 9 125
516 378 10 97
56 387 21 132
831 229 10 167
129 768 14 126
993 425 9 165
431 268 24 86
82 301 17 112
581 663 5 137
852 673 19 119
132 826 14 187
779 891 13 191
872 815 24 42
819 770 18 41
633 264 15 192
855 437 6 18
591 875 18 37
654 466 4 138
67 809 24 92
320 725 13 150
36 773 0 57
47 311 28 182
124 416 26 65
970 196 11 168
314 415 3 139
321 560 29 155
950 667 20 23
282 240 2 85
839 781 2 174
135 66 2 165
454 469 16 17
318 101 22 65
235 233 16 24
177 783 27 90
597 757 7 61
20 371 3 163
30 603 6 63
70 274 6 157
300 592 26 136
715 898 3 6
960 504 19 54
868 792 28 190
145 662 21 166
214 80 3 41
75 826 8 36
163 602 14 151
665 782 10 45
307 762 4 143
824 831 3 29
571 265 19 159
258 190 16 33
669 750 6 198
372 65 7 14
649 143 17 163
875 56 25 80
958 492 12 83
86 840 10 53
584 903 26 159
328 971 20 167
115 392 0 139
42 157 10 125
892 413 15 64
183 59 7 18
862 307 16 27
325 782 24 77
928 41 15 171
267 264 1 47
8 443 29 127
728 565 6 168
977 354 9 86
363 62 6 139
537 458 23 198
53 931 28 85
954 427 7 142
514 751 4 58
124 761 9 179
804 380 0 152
714 931 17 183
519 159 13 66
24 416 3 77
100 790 18 110
137 244 16 70
435 738 17 127
573 234 15 39
763 714 15 28
839 538 11 64
478 470 22 96
490 281 24 103
426 683 1 152
472 95 3 43
119 559 18 87
781 171 18 42
427 306 8 117
416 590 26 36
989 938 25 100
630 173 27 173
913 364 21 90
884 209 10 110
978 769 27 82
106 306 22 109
540 718 8 51
627 131 16 121
732 537 25 55
59 841 1 70
570 406 12 5
824 40 29 143
155 353 17 23
624 201 15 191
574 740 6 165
987 423 17 135
307 257 26 48
919 659 27 139
529 811 19 24
862 666 13 37
710 317 12 167
144 241 24 193
723 785 12 107
529 960 22 23
42 521 24 104
480 824 3 148
49 206 18 12
699 394 4 177
236 491 0 145
793 637 11 42
908 492 26 95
816 261 19 112
387 772 18 23
931 559 3 56
911 241 3 8
358 951 8 74
845 336 16 158
627 423 28 195
176 124 8 86
335 663 24 60
719 281 8 12
194 512 15 176
26 590 11 157
388 292 17 161
177 132 5 53
26 460 8 28
95 368 27 19
893 137 12 112
942 741 15 151
506 555 23 115
225 758 26 83
861 396 2 198
797 986 13 79
894 833 21 108
563 340 8 195
431 471 10 70
480 74 15 98
438 986 24 2
266 70 18 9
778 66 10 64
592 632 24 164
463 254 2 27
398 178 1 33
608 285 4 30
88 821 14 147
81 129 29 61
632 274 18 8
460 932 7 31
579 26 25 139
685 656 25 171
947 644 8 155
409 218 14 176
838 956 27 34
652 730 19 67
932 549 29 119
359 848 27 132
495 151 28 77
642 800 26 41
681 727 21 121
147 336 14 146
337 871 20 104
96 564 25 20
299 295 25 127
645 493 23 119
206 612 5 25
738 473 20 72
995 242 21 36
457 533 26 111
707 388 1 172
677 229 15 17
590 737 26 87
819 971 11 135
300 44 16 39
903 84 1 150
210 825 11 44
701 525 2 157
203 749 13 199
990 145 29 106
588 328 16 32
704 812 19 117
492 502 4 81
592 867 6 19
569 142 28 96
365 853 8 133
401 825 15 49
350 362 1 126
602 142 9 34
649 569 12 56
22 271 10 85
585 685 3 16
845 279 21 17
459 884 26 142
802 512 15 129
801 751 2 110
664 81 27 68
127 23 16 1
651 55 18 163
986 223 16 69
533 351 17 38
320 809 20 112
833 927 11 152
312 813 21 177
533 471 24 190
537 974 19 128
272 588 10 164
427 389 22 25
54 897 29 136
610 246 26 29
647 618 29 173
371 268 28 176
292 463 6 25
3 255 26 132
497 28 18 112
661 320 19 93
352 879 8 55
913 35 25 3
320 552 9 185
598 66 13 107
747 433 5 109
772 119 14 102
867 754 17 174
368 977 15 104
299 486 23 82
543 643 26 98
53 524 16 123
935 179 15 65
234 182 29 81
820 245 13 149
46 378 28 87
153 345 26 115
489 733 6 81
533 162 13 75
773 955 23 132
851 803 28 34
609 934 29 126
444 337 1 10
620 328 7 130
147 233 1 5
244 856 5 85
446 508 12 14
532 490 16 60
337 164 26 56
455 544 24 164
868 923 4 12
508 264 20 160
203 78 19 143
10 320 6 174
968 624 8 18
707 197 7 66
709 707 27 128
681 285 28 58
640 959 2 4
147 67 19 200
102 938 18 57
355 613 0 27
310 75 17 151
200 971 14 79
611 308 6 141
120 457 17 112
835 623 6 161
700 643 28 155
150 102 26 66
376 249 28 5
208 54 17 135
836 334 6 138
211 461 8 141
529 390 20 39
451 320 1 116
258 926 14 33
574 77 5 42
294 164 24 4
723 776 26 111
769 228 26 156
0 292 25 64
192 631 19 55
612 678 9 125
635 473 4 49
331 600 0 155
54 125 16 63
241 283 25 114
476 623 24 52
995 547 21 39
316 958 6 87
965 152 8 131
770 666 0 59
901 32 6 26
725 519 22 62
474 43 19 70
356 715 22 187
340 400 6 185
434 972 25 136
686 819 22 175
528 712 22 96
687 556 11 2
105 359 27 154
57 546 22 59
738 125 18 129
102 849 13 80
605 499 3 106
273 188 8 16
297 645 21 96
822 984 5 89
913 85 22 67
153 110 4 90
473 694 5 53
872 716 26 185
413 589 1 180
548 382 9 71
991 319 21 107
975 865 23 144
936 25 10 65
257 458 18 87
298 274 19 50
399 928 22 96
661 360 23 19
852 19 4 143
476 119 17 29
723 469 16 130
946 209 22 53
435 819 4 144
435 122 1 87
890 388 25 161
286 498 26 189
441 450 19 103
681 771 28 179
789 130 5 72
593 103 18 185
589 190 29 200
237 231 23 36
352 525 9 37
820 2 4 109
849 346 14 49
204 18 3 96
616 479 26 83
846 773 19 54
754 151 13 142
67 898 7 4
631 279 26 177
388 299 16 122
491 863 16 125
596 395 5 36
151 682 10 27
292 462 1 189
407 871 14 83
143 675 7 175
736 425 27 102
239 46 8 100
304 585 15 181
541 663 7 185
60 724 24 7
42 36 8 5
547 145 2 175
808 332 28 62
0 168 20 67
345 719 26 108
354 717 17 134
443 407 1 45
142 222 10 135
729 386 17 111
303 394 0 9
328 867 8 97
480 129 25 73
606 225 1 162
629 93 13 51
31 439 21 80
517 411 28 164
119 629 2 3
326 261 26 153
896 703 29 39
960 163 14 159
245 491 28 142
45 969 13 1
359 991 9 43
229 757 8 86
695 507 1 104
593 617 0 80
430 488 1 169
548 144 16 70
611 73 11 78
239 828 25 195
808 926 0 45
50 948 11 36
69 785 27 126
606 556 2 6
972 695 15 62
77 772 15 62
578 747 2 165
577 777 8 151
484 329 7 87
675 97 8 119
377 258 10 7
192 997 21 18
488 22 22 79
104 376 19 94
743 520 26 81
147 548 4 61
615 710 17 161
724 542 11 87
82 539 15 72
501 887 7 45
673 590 26 107
312 305 13 135
631 420 11 34
765 898 25 190
757 205 19 50
744 648 22 91
366 272 0 140
411 994 2 190
942 349 9 27
110 534 24 128
491 102 15 122
369 11 18 82
389 771 5 27
205 602 25 195
543 522 1 153
724 313 24 198
240 871 23 39
31 666 10 122
895 444 20 94
24 492 15 112
717 798 3 123
701 219 9 136
50 182 7 175
967 465 9 85
831 955 21 134
133 127 21 140
743 749 25 32
717 774 29 73
870 695 14 91
155 136 8 26
446 167 6 63
192 292 6 10
509 623 7 97
998 566 19 15
459 749 1 168
766 314 22 156
304 96 1 11
10 17 26 80
218 819 17 65
573 66 18 5
992 323 11 167
536 860 10 50
790 996 10 30
207 995 16 66
398 462 22 18
237 949 16 59
177 506 18 84
615 81 24 144
723 726 21 177
977 111 2 191
11 670 24 33
606 524 12 179
656 878 11 104
932 50 9 194
659 219 29 49
943 256 22 104
67 533 29 46
82 644 7 91
520 376 25 49
52 33 22 46
509 855 19 55
916 853 5 158
925 973 7 111
310 337 8 176
718 264 24 23
732 210 3 176
441 541 10 111
158 278 1 123
912 728 0 108
934 524 14 167
563 412 14 47
391 694 3 85
693 869 21 107
537 785 6 14
222 21 9 107
464 644 3 75
345 459 22 66
658 653 9 172
682 1 0 56
789 919 15 2
934 720 5 196
627 769 2 12
438 891 20 180
436 336 0 78
612 31 2 14
881 51 10 37
119 832 6 163
831 36 0 69
909 216 16 135
64 391 16 187
586 461 16 35
662 787 25 107
643 254 20 35
125 158 21 195
35 22 9 16
169 686 19 134
611 377 12 70
627 698 1 27
290 257 20 31
455 654 16 51
294 366 2 63
635 37 14 126
714 112 24 54
578 940 2 190
357 54 27 33
626 769 7 163
299 433 0 185
56 219 23 38
345 824 29 58
782 174 8 77
171 69 19 38
961 893 18 101
787 717 20 111
494 904 26 163
287 968 4 72
428 390 23 66
498 517 17 141
61 487 8 73
740 884 18 55
744 865 17 138
72 266 14 185
989 828 27 140
52 468 1 157
861 300 23 50
386 153 9 152
293 312 22 114
82 575 3 82
481 800 9 14
502 223 9 127
793 494 6 46
718 560 21 96
169 503 6 100
363 468 23 90
821 612 26 135
119 871 14 64
626 886 22 114
496 315 10 46
702 494 11 75
772 176 13 185
530 805 7 16
565 404 9 146
68 585 10 174
436 415 25 46
499 844 28 171
570 661 19 152
754 646 11 165
948 897 28 141
138 224 0 186
234 941 9 15
262 399 25 37
942 148 17 194
269 297 12 136
526 364 11 18
563 358 9 60
748 5 1 3
836 659 27 187
562 211 5 160
398 124 25 94
89 919 0 117
802 843 27 63
698 229 5 60
177 288 14 105
784 660 9 84
850 425 25 75
843 329 4 85
283 731 20 72
850 206 25 133
88 914 11 178
543 285 12 142
767 521 25 74
795 51 0 182
536 262 11 106
895 39 17 110
453 617 9 163
326 104 3 84
842 559 24 135
640 190 18 41
632 965 4 113
842 588 29 75
172 135 9 136
864 308 18 107
966 3 7 127
942 140 12 120
108 59 11 120
298 23 19 19
592 555 26 92
715 510 3 25
957 834 21 85
218 131 11 197
810 735 10 21
649 63 15 147
448 512 23 155
147 690 16 53
795 249 6 157
724 277 14 42
225 775 4 105
550 525 8 10
491 486 26 67
322 246 29 11
755 450 17 26
143 323 2 104
513 230 8 11
310 976 21 117
226 597 1 148
181 334 7 67
46 350 29 122
559 90 22 18
245 822 13 116
316 787 17 86
98 961 4 100
293 33 15 150
62 613 8 24
706 222 20 19
500 488 28 152
880 58 8 177
848 429 26 147
118 808 1 162
444 380 26 99
609 868 23 163
679 635 19 66
295 936 23 176
287 558 22 38
364 260 13 56
985 257 5 25
549 954 11 199
619 167 22 137
917 241 18 183
199 522 24 9
555 568 17 27
639 544 1 55
967 42 28 67
603 108 24 92
361 353 26 75
41 927 1 191
239 810 29 84
33 55 21 82
659 546 28 106
347 736 28 162
518 596 17 154
564 481 16 29
304 632 8 59
128 459 23 73
256 278 27 46
711 858 3 192
72 99 28 102
592 349 26 119
932 112 17 171
531 47 26 128
26 199 14 152
555 780 6 152
779 829 14 188
226 662 17 41
190 869 4 84
28 744 25 146
848 501 9 191
641 391 23 194
267 240 12 81
647 86 20 42
748 392 18 74
87 816 28 99
293 815 23 88
580 47 18 91
253 107 11 44
133 184 5 121
693 544 19 7
338 386 5 143
257 382 19 149
673 841 1 165
910 396 6 199
709 968 13 29
802 519 27 138
409 902 13 93
416 782 12 157
935 86 16 16
217 963 15 167
552 959 1 92
14 917 22 71
623 354 18 125
604 222 21 123
121 780 14 161
139 717 7 42
630 818 7 146
558 745 28 185
643 609 10 88
761 896 23 193
575 648 8 140
450 41 24 151
854 269 14 190
84 675 14 92
734 241 27 64
736 763 0 147
195 255 2 136
841 74 5 13
541 519 2 106
456 423 2 32
315 444 5 51
2 214 25 67
88 235 19 72
529 78 8 188
573 185 20 165
865 616 19 34
623 863 17 126
64 240 17 91
336 206 17 58
166 309 28 184
655 907 5 178
845 573 28 100
477 511 27 38
569 516 20 185
248 198 18 17
44 991 15 155
676 81 10 160
973 367 29 82
126 392 27 135
312 760 10 36
125 972 9 28
612 988 24 17
568 670 18 98
685 200 15 134
419 620 22 119
749 615 9 194
313 843 11 199
85 775 15 68
863 135 28 151
184 278 3 107
59 49 2 98
608 12 11 164
371 1 23 103
542 110 19 40
558 447 8 169
642 779 27 163
763 383 19 126
991 48 5 54
323 728 27 184
154 601 9 38
866 222 15 119
326 728 0 99
723 9 1 117
391 755 17 42
419 933 18 81
874 391 11 51
885 729 14 133
389 566 12 76
763 111 23 16
398 975 12 172
198 559 7 157
661 514 10 16
152 423 21 153
392 624 21 178
201 696 1 129
706 529 8 117
444 318 14 18
382 181 29 154
98 358 15 175
306 293 19 158
607 116 14 150
430 89 9 106
245 897 8 27
24 738 0 194
416 118 2 52
29 697 22 62
660 886 16 131
906 350 8 28
155 900 18 191
2 552 22 132
518 30 7 28
984 665 18 130
714 614 23 22
9 504 21 104
252 52 11 194
168 971 29 177
691 489 14 165
841 404 24 7
649 811 13 67
153 809 6 38
894 532 24 9
124 7 22 111
759 786 5 107
918 469 8 14
636 622 18 104
11 663 16 44
388 987 1 25
625 93 3 53
641 22 23 29
694 33 18 139
199 846 25 152
115 775 19 170
936 462 6 79
896 170 11 10
12 727 19 21
615 63 25 40
162 258 6 73
172 836 16 101
508 616 5 150
835 253 6 102
662 198 4 170
607 791 22 130
723 27 29 16
268 694 29 183
589 644 1 78
927 299 28 101
153 101 25 135
686 886 29 25
607 642 11 98
983 819 1 19
848 505 13 177
250 382 5 57
382 806 3 147
62 521 2 34
122 533 6 11
197 686 27 44
693 833 27 23
982 570 1 119
440 407 10 113
952 551 9 95
324 195 13 129
598 34 4 149
928 372 10 121
421 487 19 118
366 636 16 112
692 185 15 155
473 601 6 72
894 50 10 88
321 884 7 80
84 992 0 125
813 497 11 186
341 550 21 168
395 738 17 142
523 430 17 153
250 384 19 77
917 149 0 117
607 776 25 127
594 173 5 59
540 17 6 166
859 161 1 170
78 54 19 160
213 698 23 57
0 874 14 193
389 148 3 53
740 398 15 7
926 982 26 175
998 264 25 28
808 628 22 59
33 519 4 23
419 605 24 66
70 817 12 187
3 769 12 193
204 101 18 63
6 449 21 88
801 994 5 44
940 489 26 156
407 300 8 195
532 993 18 77
740 382 19 108
174 760 17 89
6 657 1 80
79 225 6 135
889 791 4 200
936 304 17 12
469 185 22 147
660 130 26 138
812 563 27 172
246 894 6 84
478 273 24 81
122 392 0 179
127 63 12 181
201 857 22 132
217 985 26 191
441 703 28 88
611 582 0 106
286 369 8 178
680 569 9 99
230 54 1 5
701 439 14 85
265 959 3 43
969 942 20 144
834 833 16 159
590 82 22 174
886 8 29 164
594 401 26 5
430 338 15 156
130 379 4 48
183 845 26 2
372 716 24 102
927 261 9 176
726 331 5 153
565 857 24 58
928 641 6 48
69 799 25 33
449 164 20 150
733 977 18 185
396 599 1 96
731 751 11 115
720 27 9 91
565 392 11 99
716 993 9 148
221 817 5 27
224 901 21 6
822 39 11 159
935 902 28 135
381 298 20 79
399 888 14 75
652 308 6 16
713 782 5 32
85 795 29 155
943 523 19 176
480 341 22 85
214 964 11 99
139 516 12 197
714 461 0 34
918 529 22 97
207 558 9 101
584 364 12 121
24 587 12 93
461 19 13 42
174 349 12 11
991 647 24 20
543 113 9 103
383 4 3 85
801 499 10 98
766 776 26 20
802 674 21 197
245 633 2 39
87 645 9 167
648 959 13 21
887 838 15 163
387 704 22 116
32 204 4 40
406 311 22 109
744 793 10 167
37 168 20 139
348 465 27 136
546 543 19 168
274 459 12 62
798 28 29 151
155 699 11 150
4 472 10 163
837 777 8 60
766 835 7 31
279 848 10 30
846 915 8 116
553 619 21 191
210 397 0 38
355 636 23 125
379 191 18 151
198 880 7 3
88 70 25 58
124 658 8 32
435 817 0 177
104 787 29 150
138 861 6 184
738 890 16 4
283 618 3 32
864 187 21 133
383 532 23 125
655 783 26 135
923 416 22 192
227 59 23 12
426 93 5 54
540 364 20 132
590 336 29 23
799 205 29 26
155 307 7 56
366 736 19 170
848 703 15 121
548 554 15 25
440 989 17 103
715 781 3 29
97 945 15 196
495 64 27 65
635 705 3 170
678 857 19 178
70 894 18 115
221 618 17 140
274 74 17 76
750 695 17 54
728 479 7 182
964 723 16 74
176 263 26 172
537 108 20 7
773 432 8 151
321 418 20 54
544 293 21 77
651 880 26 176
933 189 23 37
745 565 12 86
860 938 7 29
813 477 1 176
471 583 28 29
50 552 24 135
592 821 5 97
151 938 16 2
484 753 20 138
304 396 25 173
491 718 24 62
102 579 22 181
200 39 29 140
136 837 15 126
488 257 2 57
708 294 12 13
680 878 6 189
29 247 20 14
399 15 3 150
723 653 19 23
320 315 0 164
629 519 24 75
223 421 29 28
706 600 27 1
145 892 29 150
235 377 3 98
39 659 23 166
324 160 0 46
916 355 2 174

0 307 14
1 232 54
2 512 19
3 336 37
4 851 26
5 906 24
6 827 20
7 377 54
8 161 9
9 554 55
10 390 52
11 829 53
12 74 40
13 966 20
14 3 15
15 659 25
16 870 52
17 705 1
18 600 24
19 605 36
20 179 4
21 629 4
22 2 6
23 955 2
24 170 29
25 325 56
26 158 14
27 26 40
28 467 57
29 33 56
30 114 51
31 537 6
32 947 40
33 675 22
34 655 20
35 296 42
36 844 26
37 984 57
38 864 49
39 366 50
40 587 10
41 615 50
42 223 17
43 61 41
44 697 50
45 795 27
46 640 35
47 0 7
48 987 42
49 368 42
50 901 45
51 14 43
52 212 16
53 816 11
54 294 6
55 912 13
56 704 49
57 667 58
58 721 20
59 47 1
60 476 54
61 711 15
62 48 9
63 172 45
64 601 24
65 756 21
66 789 48
67 852 42
68 104 5
69 479 55
70 880 10
71 420 57
72 544 38
73 522 3
74 362 50
75 183 54
76 233 57
77 100 19
78 471 18
79 404 16
80 735 49
81 549 43
82 165 47
83 977 46
84 741 37
85 421 32
86 218 17
87 166 22
88 708 19
89 809 12
90 576 44
91 266 49
92 502 0
93 836 55
94 98 29
95 303 29
96 653 23
97 367 5
98 439 10
99 141 7
100 162 56
101 111 14
102 976 48
103 395 48
104 665 48
105 746 1
106 454 49
107 6 11
108 534 38
109 916 59
110 140 59
111 777 5
112 412 5
113 793 18
114 180 32
115 344 26
116 943 54
117 568 39
118 487 50
119 513 46
120 709 58
121 121 0
122 374 8
123 573 10
124 34 32
125 772 2
126 858 20
127 354 41
128 263 30
129 656 49
130 891 20
131 959 33
132 707 27
133 757 32
134 424 24
135 485 28
136 120 39
137 983 55
138 375 36
139 611 30
140 687 13
141 332 43
142 271 10
143 105 27
144 753 21
145 280 54
146 633 31
147 598 0
148 929 53
149 484 57
150 340 21
151 847 35
152 277 22
153 70 28
154 696 47
155 31 0
156 596 15
157 784 17
158 203 55
159 272 59
160 685 53
161 356 22
162 593 2
163 283 13
164 193 27
165 397 13
166 385 32
167 562 59
168 365 39
169 21 37
170 925 9
171 500 11
172 75 43
173 258 25
174 132 41
175 919 37
176 341 10
177 800 10
178 758 39
179 792 34
180 455 15
181 86 46
182 907 45
183 240 28
184 401 2
185 399 56
186 119 1
187 726 8
188 308 23
189 305 7
190 933 31
191 766 17
192 50 22
193 747 45
194 392 41
195 436 39
196 609 2
197 648 3
198 94 16
199 876 3
200 20 21
201 490 13
202 13 22
203 56 58
204 663 38
205 992 31
206 72 3
207 71 42
208 448 55
209 459 10
210 595 48
211 960 30
212 285 38
213 915 4
214 252 5
215 320 15
216 184 32
217 676 21
218 678 12
219 547 22
220 95 21
221 669 18
222 41 43
223 811 38
224 681 36
225 968 32
226 900 56
227 243 47
228 528 39
229 890 54
230 15 26
231 539 27
232 474 1
233 548 41
234 461 6
235 345 26
236 171 33
237 257 57
238 674 17
239 251 54
240 786 38
241 560 0
242 796 1
243 761 13
244 677 47
245 472 7
246 950 12
247 268 41
248 779 20
249 692 17
250 11 41
251 702 36
252 43 34
253 748 40
254 781 29
255 90 26
256 411 56
257 372 4
258 810 13
259 690 8
260 551 1
261 695 5
262 35 11
263 163 54
264 109 56
265 287 27
266 908 24
267 617 53
268 82 41
269 714 13
270 22 53
271 209 58
272 38 19
273 652 56
274 768 0
275 953 59
276 807 20
277 913 37
278 381 2
279 963 25
280 552 35
281 895 38
282 572 28
283 85 34
284 776 50
285 845 34
286 769 33
287 398 43
288 979 27
289 239 36
290 4 33
291 855 21
292 996 40
293 319 20
294 278 26
295 719 10
296 921 21
297 246 23
298 130 44
299 403 30
300 861 37
301 376 13
302 192 4
303 683 10
304 767 13
305 975 56
306 28 28
307 387 2
308 216 33
309 146 8
310 234 38
311 290 9
312 276 31
313 857 21
314 868 9
315 178 15
316 173 49
317 641 39
318 434 3
319 639 18
320 538 55
321 446 3
322 849 42
323 190 42
324 364 48
325 427 36
326 51 24
327 874 58
328 823 37
329 927 37
330 123 40
331 790 29
332 529 28
333 301 42
334 337 51
335 545 44
336 939 21
337 357 59
338 673 22
339 815 23
340 400 45
341 799 2
342 532 25
343 269 37
344 516 52
345 205 40
346 8 53
347 623 52
348 535 30
349 556 51
350 682 15
351 649 40
352 952 14
353 521 38
354 25 58
355 270 42
356 208 43
357 250 44
358 586 41
359 759 1
360 840 32
361 785 50
362 989 19
363 200 38
364 710 9
365 498 19
366 185 36
367 244 40
368 199 4
369 169 43
370 691 11
371 936 0
372 850 50
373 237 2
374 89 27
375 577 0
376 97 58
377 553 37
378 578 55
379 527 7
380 932 49
381 65 22
382 117 48
383 988 46
384 843 28
385 245 34
386 134 21
387 902 50
388 378 17
389 733 2
390 713 4
391 625 15
392 394 55
393 585 21
394 55 18
395 737 8
396 872 13
397 136 53
398 505 0
399 808 23
400 613 50
401 53 24
402 322 43
403 281 34
404 83 12
405 168 7
406 582 58
407 54 59
408 37 59
409 422 8
410 580 14
411 797 45
412 686 59
413 699 54
414 191 37
415 433 56
416 550 17
417 248 28
418 494 31
419 231 34
420 846 15
421 18 33
422 651 54
423 451 23
424 347 54
425 997 26
426 342 40
427 867 8
428 124 4
429 491 25
430 971 19
431 567 38
432 373 0
433 363 28
434 887 20
435 525 38
436 9 26
437 370 47
438 391 41
439 131 51
440 964 27
441 177 42
442 918 27
443 802 28
444 300 5
445 418 8
446 594 20
447 238 50
448 112 10
449 488 1
450 806 3
451 264 17
452 115 49
453 718 16
454 725 35
455 798 3
456 492 24
457 860 34
458 911 24
459 442 50
460 783 27
461 67 58
462 129 32
463 76 58
464 770 48
465 444 29
466 17 42
467 833 40
468 514 23
469 755 25
470 680 2
471 866 39
472 343 54
473 569 52
474 380 45
475 804 44
476 202 24
477 813 19
478 414 22
479 524 28
480 334 32
481 189 52
482 616 42
483 657 11
484 583 7
485 228 4
486 481 16
487 630 27
488 732 24
489 571 3
490 896 18
491 402 15
492 195 16
493 743 49
494 526 44
495 241 43
496 159 27
497 889 25
498 355 15
