660

7 159 64
14 73 155
17 176 163
19 74 86
25 180 72
26 115 51
29 9 63
32 264 75
35 119 96
43 354 178
44 154 38
59 2 128
70 126 73
74 206 97
82 301 123
84 227 49
89 314 132
93 294 72
96 230 38
101 347 40
108 318 24
111 4 63
120 349 65
124 75 162
126 110 68
129 47 73
133 332 55
137 177 88
138 42 114
147 355 70
161 336 59
164 0 97
166 193 123
167 201 135
170 132 35
175 116 60
178 289 140
184 107 51
186 33 94
187 304 113
194 146 128
195 235 31
198 152 94
200 27 63
203 16 110
205 251 106
208 48 53
218 324 52
223 103 53
227 70 54
234 272 84
238 205 93
242 233 166
252 19 94
254 175 63
259 231 51
263 13 126
266 306 54
267 359 77
270 226 100
271 356 92
275 149 63
277 270 31
278 29 99
281 30 113
287 14 65
288 333 93
297 250 52
301 95 92
308 331 107
320 292 72
321 179 111
326 326 69
328 52 81
329 163 50
334 303 84
335 194 86
336 341 114
338 187 97
346 242 74
349 323 96
363 21 55
370 238 96
375 199 74
381 215 69
383 274 187
385 319 56
387 192 84
396 269 53
397 66 118
400 358 91
402 203 99
409 125 82
413 130 123
415 92 106
416 353 103
423 220 161
426 124 92
438 167 129
459 327 68
462 184 68
463 100 124
464 221 135
474 275 108
475 357 90
482 77 163
491 90 66
496 18 77
497 84 55
500 248 118
503 252 168
505 32 145
507 117 115
520 328 163
525 307 127
529 345 165
537 316 56
538 133 66
541 36 70
542 202 131
548 338 147
552 49 90
557 72 135
565 178 58
570 225 65
575 91 86
576 209 127
584 313 138
592 191 78
594 156 61
625 86 57
632 112 70
634 346 87
638 351 72
641 64 176
643 162 93
646 216 123
651 37 42
653 305 64
660 81 165
663 299 119
668 198 65
670 169 69
671 171 86
675 85 85
677 22 46
679 322 63
685 118 52
687 158 63
695 143 54
711 281 80
718 246 92
719 166 76
724 273 70
731 309 141
739 68 146
741 31 92
742 256 155
745 185 101
751 343 150
753 265 70
755 24 73
756 325 81
760 161 88
765 308 49
767 140 90
770 155 106
774 296 73
778 170 43
784 153 104
791 249 127
795 106 106
797 168 92
799 278 29
387 16 247 2
26 28 183 9
35 128 144 33
767 769 244 46
74 73 335 40
82 780 237 45
82 151 26 14
96 95 5 21
742 102 350 18
770 771 17 46
186 31 79 4
409 408 234 34
548 12 34 50
552 551 223 30
503 499 302 33
370 176 285 32
778 780 237 47
252 248 123 39
687 684 99 16
383 386 63 12
271 269 80 46
643 642 174 8
370 364 257 1
400 79 109 11
474 759 150 18
641 489 315 1
500 578 69 24
525 524 337 5
548 549 93 36
565 757 245 27
774 773 8 7
643 640 41 47
671 83 214 8
719 717 65 39
784 428 210 39
26 424 232 37
43 672 254 42
44 46 55 22
525 62 63 263 18
82 174 141 47
93 310 128 36
101 102 350 45
108 107 88 13
108 488 286 45
124 771 17 26
170 168 135 22
175 176 285 16
187 188 87 19
238 237 121 17
242 241 219 15
267 629 293 36
267 481 131 21
423 424 232 14
275 237 121 33
328 330 298 37
329 330 298 33
287 286 40 14
400 331 259 41
346 342 57 8
711 710 311 35
375 435 342 14
413 414 6 31
491 489 315 40
496 495 11 11
552 550 268 16
557 556 321 20
632 629 293 14
653 652 190 38
679 151 26 28
795 796 101 4
760 432 62 6
760 83 214 6
791 579 330 23
695 617 556 321 33
93 50 69 204 29
195 144 16 247 5
475 350 359 43 10
548 546 241 219 36
14 16 247 10
17 18 20 16 247 15
187 189 253 47
44 480 266 6
59 62 63 263 1
74 72 113 21
82 81 312 35
96 624 102 26
101 103 38 28
711 243 82 31
137 626 147 11
646 644 28 4
308 310 128 28
178 179 96 43
252 241 219 38
254 684 99 36
270 269 80 12
336 330 298 2
281 279 105 41
301 642 174 23
329 331 259 41
346 554 172 13
363 710 311 4
363 103 38 20
370 366 129 24
402 692 267 11
463 466 213 27
557 759 150 42
74 630 40 164 31
576 573 574 122 31
576 577 200 13
385 53 511 773 8 22
641 642 174 24
660 661 46 16
208 146 757 245 27
797 146 757 245 18
791 793 196 34
70 290 710 311 4
96 607 609 207 26
17 518 568 145 6
43 659 107 88 2
711 23 50 69 204 2
133 58 131 182 3
278 58 131 182 2
423 312 86 277 37
660 662 27 98 23
660 662 579 330 2
423 424 730 15 11
770 707 158 137 24
205 299 664 108 37
634 11 12 34 11
778 779 777 352 27
7 636 23 23
43 41 42 195 9
59 63 263 5
59 98 255 22
101 243 82 40
138 135 104 47
147 551 223 10
170 230 45 4
396 394 165 14
254 159 89 45
263 386 63 8
266 268 339 49
275 272 239 46
288 286 40 30
505 506 229 8
326 323 262 35
375 377 297 11
349 595 25 1
385 386 63 19
387 386 63 8
396 395 186 19
459 678 340 14
464 466 213 46
463 465 466 213 11
482 484 487 56 34
43 352 554 172 40
520 522 148 31
525 759 150 22
653 654 151 20
459 708 569 236 16
575 574 122 22
396 583 587 282 11
663 661 46 31
43 659 661 46 3
660 662 661 46 10
685 686 12 41
711 712 284 22
739 738 173 1
742 738 173 26
799 333 300 40
760 761 67 35
774 176 285 19
415 605 609 207 10
167 612 617 556 321 13
774 2 626 147 14
238 610 626 147 8
43 292 313 334 29
724 725 63 263 28
482 486 629 293 2
89 90 88 134 24
288 515 568 145 8
503 501 155 240 7
542 546 241 219 1
238 315 327 348 4
751 616 158 137 4
799 215 216 272 239 6
238 492 494 295 4
288 289 286 40 28
542 706 627 228 23
363 508 763 138 15
263 212 247 245 114 6
383 0 451 160 36
475 350 127 60 21
685 67 65 246 288 6
195 144 214 230 45 4
238 610 132 131 182 4
463 465 467 437 218 2
326 421 419 606 112 58 12
7 5 10 188 31
19 16 247 3
17 20 16 247 25
84 46 55 11
111 110 78 23
111 113 317 33
124 122 10 39
242 243 82 4
548 95 5 19
500 499 302 4
784 143 185 120 10
503 188 87 41
194 599 271 16
227 226 189 32
770 282 344 24
25 298 296 136 4
799 506 229 15
335 377 297 26
59 62 411 208 22
416 414 6 12
416 721 276 5
426 427 142 3
438 439 435 342 5
166 162 435 342 25
438 437 218 22
724 722 197 3
505 554 172 1
195 197 551 223 7
529 692 267 33
529 654 151 39
570 569 236 30
576 574 122 9
124 440 583 587 282 8
328 635 636 23 15
646 56 672 254 4
671 661 46 11
167 612 676 53 33
677 678 340 15
718 717 65 7
731 735 243 23
741 738 173 30
797 796 101 8
778 777 352 18
301 304 103 38 27
778 779 556 321 9
14 145 716 714 111 28
370 367 716 714 111 3
35 34 481 131 11
520 523 599 271 27
74 71 72 113 8
89 91 88 134 22
320 446 86 277 2
370 368 364 257 1
742 514 553 94 25
161 141 155 240 13
731 734 735 243 12
632 353 654 151 2
474 598 600 290 12
584 618 185 120 28
537 214 230 45 7
742 703 549 93 19
17 3 99 636 23 1
271 440 583 587 282 24
542 546 545 549 93 8
576 516 511 773 8 9
271 440 443 498 499 302 5
161 141 140 142 344 342 57 5
17 16 247 4
32 189 253 15
84 86 277 20
101 75 50 19
126 127 60 39
126 31 79 48
43 41 134 211 27
184 185 120 4
464 207 3 14
17 235 233 76 19
234 450 329 21
281 280 241 9
320 318 20 49
321 318 20 1
338 230 45 14
409 411 208 11
423 395 186 21
542 549 93 16
542 40 164 23
592 589 212 19
592 773 8 14
668 31 79 8
675 85 86 277 8
677 676 53 16
774 775 44 31
795 454 39 17
375 705 28 183 2
271 440 448 127 9
346 344 342 57 27
795 344 342 57 4
671 455 457 54 31
346 347 549 93 1
326 421 419 179 96 5
576 516 411 208 10
370 366 364 257 5
161 141 152 222 25
370 591 248 123 2
17 3 340 528 139 12
195 197 196 7 28
234 235 233 76 13
799 215 216 268 339 11
496 436 435 342 1
385 53 58 131 182 8
668 666 480 266 8
89 91 90 88 134 5
576 516 518 568 145 1
426 389 293 780 237 2
370 367 716 319 42 195 1
320 446 443 498 499 302 15
270 220 219 729 728 261 7
89 87 181 28
108 109 157 29
111 112 58 22
632 118 121 291 26
120 119 121 291 14
137 135 104 26
161 644 28 36
170 499 302 11
711 23 50 98 255 3
223 226 189 3
594 595 25 28
381 720 721 276 23
129 758 640 41 7
653 656 224 4
137 45 672 254 3
308 311 103 38 9
17 16 556 321 2
381 559 705 28 183 5
463 467 437 218 15
335 295 342 57 1
770 707 706 176 285 15
520 521 522 148 13
238 239 433 260 14
89 91 87 181 2
108 488 489 315 3
520 125 122 10 2
275 237 568 145 5
677 441 452 1 25
164 612 676 53 1
238 610 616 158 137 10
187 526 528 139 16
491 488 489 315 13
474 444 473 59 21
491 444 473 59 2
326 294 582 248 123 7
336 340 528 139 1
338 337 340 528 139 14
336 341 340 528 139 3
400 470 469 320 19
653 655 652 190 5
575 445 494 295 13
402 211 233 76 8
632 353 228 83 24
242 244 566 563 283 18
166 702 709 776 116 51 3
482 483 484 487 56 6
43 292 581 580 280 19
671 455 458 457 54 3
326 294 582 580 280 4
242 244 582 580 280 24
383 0 368 364 257 2
742 514 518 568 145 1
742 514 516 518 568 145 12
161 141 145 716 319 42 195 5
745 316 740 764 217 17
271 305 306 58 131 182 26
129 128 144 2
638 140 134 211 12
93 52 95 5 19
270 469 320 15
507 506 229 21
383 384 97 1
385 384 97 25
32 355 414 6 4
482 487 56 3
482 722 197 9
584 587 282 5
671 672 254 30
164 619 705 28 183 3
370 591 589 212 1
111 701 448 127 19
400 352 578 69 17
438 439 437 218 2
43 4 432 62 24
198 64 63 263 1
638 140 142 775 44 6
170 171 168 135 11
161 141 144 190 279 1
227 224 226 189 10
675 357 428 210 19
278 217 248 123 4
459 708 508 763 138 3
632 353 684 99 7
505 554 131 182 3
43 41 567 563 283 8
778 726 722 197 2
491 444 440 448 127 11
308 292 581 580 280 4
370 369 368 364 257 11
677 54 55 117 473 59 3
770 707 701 448 127 4
646 56 701 448 127 2
338 337 144 190 279 28
537 214 144 190 279 10
537 214 144 189 253 1
263 264 35 29
685 67 134 211 3
138 109 157 1
164 243 82 8
203 98 255 24
415 414 6 11
756 333 300 2
765 705 28 183 7
32 355 578 69 7
70 290 433 260 20
795 57 280 241 20
198 64 779 556 321 2
584 586 587 282 5
576 574 698 287 19
334 283 285 432 62 2
670 729 728 261 8
646 645 644 28 2
336 445 494 295 24
724 725 722 197 7
529 512 458 457 54 5
474 598 600 599 271 11
537 214 144 34 481 131 1
263 212 214 144 34 481 131 6
129 12 34 19
166 95 5 1
186 188 87 4
281 282 344 12
297 296 136 12
320 506 229 1
363 361 310 25
641 640 41 24
491 444 481 131 13
370 369 364 257 14
739 586 587 282 6
170 699 698 287 9
234 235 642 174 7
338 249 248 123 5
288 515 562 258 4
409 407 245 114 4
416 417 115 116 51 14
370 366 368 364 257 6
278 217 697 69 204 12
731 734 735 473 59 2
166 165 141 155 154 71 2
797 146 141 155 154 71 4
784 143 145 716 319 318 20 4
594 517 512 458 457 54 9
111 112 110 78 11
43 659 599 271 1
711 23 50 51 73 335 14
463 291 294 327 348 4
671 455 280 241 7
335 377 763 138 4
653 655 656 224 5
742 514 512 458 457 54 1
252 251 456 457 54 2
74 71 73 335 3
329 294 327 348 24
70 290 294 327 348 1
281 648 644 28 7
742 514 515 562 258 3
724 723 722 197 4
765 705 245 114 5
646 56 776 116 51 14
663 144 190 191 61 2
326 421 353 190 191 61 3
671 673 39 775 44 1
238 610 294 327 348 2
426 389 293 317 191 61 1
570 515 562 258 6
632 118 453 454 39 8
505 554 553 94 9
74 71 73 72 113 4
677 54 55 51 73 72 113 2
594 593 427 142 12
687 453 454 39 1
